
1 -4 0 0 0 0 tile-4_0
2 -4 0 0 0 0 tile-4_1
1 -5 0 0 0 0 tile-4_2
2 -5 0 0 0 0 tile-4_3
3 -5 0 0 0 0 tile-4_4
1 -6 0 0 0 0 tile-4_5
2 -6 0 0 0 0 tile-4_6
3 -6 0 0 0 0 tile-4_7
3 -1 1 0 0 0 tile-4_0
3 -2 1 0 0 0 tile-4_1
2 -1 1 0 0 0 tile-4_2
2 -2 1 0 0 0 tile-4_3
2 -3 1 0 0 0 tile-4_4
1 -1 1 0 0 0 tile-4_5
1 -2 1 0 0 0 tile-4_6
1 -3 1 0 0 0 tile-4_7
6 -3 2 0 0 0 tile-4_0
5 -3 2 0 0 0 tile-4_1
6 -2 2 0 0 0 tile-4_2
5 -2 2 0 0 0 tile-4_3
4 -2 2 0 0 0 tile-4_4
6 -1 2 0 0 0 tile-4_5
5 -1 2 0 0 0 tile-4_6
4 -1 2 0 0 0 tile-4_7
4 -6 3 0 0 0 tile-4_0
4 -5 3 0 0 0 tile-4_1
5 -6 3 0 0 0 tile-4_2
5 -5 3 0 0 0 tile-4_3
5 -4 3 0 0 0 tile-4_4
6 -6 3 0 0 0 tile-4_5
6 -5 3 0 0 0 tile-4_6
6 -4 3 0 0 0 tile-4_7

===
1 4 0 0 0 0 4
1 1 1 0 0 0 4
4 1 2 0 0 0 4
4 4 3 0 0 0 4
