
3 -1 1 0 0 0 tile-4_0
3 -2 1 0 0 0 tile-4_1
2 -1 1 0 0 0 tile-4_2
2 -2 1 0 0 0 tile-4_3
2 -3 1 0 0 0 tile-4_4
1 -1 1 0 0 0 tile-4_5
1 -2 1 0 0 0 tile-4_6
1 -3 1 0 0 0 tile-4_7
4 -1 1 1 0 0 tile-5_0
4 -2 1 1 0 0 tile-5_1
5 -1 1 1 0 0 tile-5_2
5 -2 1 1 0 0 tile-5_3
6 -2 2 1 0 0 tile-8_0
7 -2 2 1 0 0 tile-8_1
9 -3 3 1 0 0 tile-3_0
9 -2 3 1 0 0 tile-3_1
8 -3 3 1 0 0 tile-3_2
8 -2 3 1 0 0 tile-3_3
9 -4 0 1 0 0 tile-4_0
8 -4 0 1 0 0 tile-4_1
9 -5 0 1 0 0 tile-4_2
8 -5 0 1 0 0 tile-4_3
7 -5 0 1 0 0 tile-4_4
9 -6 0 1 0 0 tile-4_5
8 -6 0 1 0 0 tile-4_6
7 -6 0 1 0 0 tile-4_7
6 -6 1 0 0 0 tile-5_0
6 -7 1 0 0 0 tile-5_1
5 -6 1 0 0 0 tile-5_2
5 -7 1 0 0 0 tile-5_3
3 -6 0 0 0 0 tile-3_0
4 -6 0 0 0 0 tile-3_1
3 -7 0 0 0 0 tile-3_2
4 -7 0 0 0 0 tile-3_3
1 -4 0 0 0 0 tile-6_0
2 -4 0 0 0 0 tile-6_1
3 -4 0 0 0 0 tile-6_2
1 -5 0 0 0 0 tile-6_3
2 -5 0 0 0 0 tile-6_4
3 -5 0 0 0 0 tile-6_5
6 -5 0 0 0 1 tile-10
6 -4 0 0 0 1 tile-10
3 -3 0 0 0 1 tile-10
7 -3 0 0 0 1 tile-10
8 -4 0 0 0 1 tile-10
8 -1 0 0 0 1 tile-10
2 -6 0 0 0 1 tile-10

===
1 1 1 0 0 0 4
4 1 1 1 0 0 5
6 2 2 1 0 0 8
8 2 3 1 0 0 3
7 4 0 1 0 0 4
5 6 1 0 0 0 5
3 6 0 0 0 0 3
1 4 0 0 0 0 6
6 5 0 0 0 1 10
6 4 0 0 0 1 10
3 3 0 0 0 1 10
7 3 0 0 0 1 10
8 4 0 0 0 1 10
8 1 0 0 0 1 10
2 6 0 0 0 1 10
