8 -11 1 0 0 0 tile-1
9 -11 1 0 0 0 tile-1
10 -11 1 0 0 0 tile-1
11 -11 1 0 0 0 tile-1
12 -11 3 0 0 0 tile-4_0
12 -10 3 0 0 0 tile-4_1
13 -11 3 0 0 0 tile-4_2
13 -10 3 0 0 0 tile-4_3
13 -9 3 0 0 0 tile-4_4
14 -11 3 0 0 0 tile-4_5
14 -10 3 0 0 0 tile-4_6
14 -9 3 0 0 0 tile-4_7
14 -8 0 0 0 0 tile-1
14 -7 0 0 0 0 tile-1
14 -6 0 0 0 0 tile-1
14 -5 2 0 0 0 tile-2
13 -5 3 0 0 0 tile-1
12 -5 3 0 0 0 tile-1
11 -5 3 0 0 0 tile-1
8 -8 3 0 0 0 tile-7_0
8 -7 3 0 0 0 tile-7_1
8 -6 3 0 0 0 tile-7_2
8 -5 3 0 0 0 tile-7_3
9 -8 3 0 0 0 tile-7_4
9 -7 3 0 0 0 tile-7_5
9 -6 3 0 0 0 tile-7_6
9 -5 3 0 0 0 tile-7_7
10 -8 3 0 0 0 tile-7_8
10 -7 3 0 0 0 tile-7_9
10 -6 3 0 0 0 tile-7_10
10 -5 3 0 0 0 tile-7_11
7 -8 3 0 0 0 tile-1
6 -8 3 0 0 0 tile-1
5 -8 1 0 0 0 tile-3_0
5 -9 1 0 0 0 tile-3_1
4 -8 1 0 0 0 tile-3_2
4 -9 1 0 0 0 tile-3_3
4 -10 0 0 0 0 tile-3_0
5 -10 0 0 0 0 tile-3_1
4 -11 0 0 0 0 tile-3_2
5 -11 0 0 0 0 tile-3_3
9 -7 0 0 0 1 tile-60
8 -7 0 0 0 1 tile-60
9 -6 3 0 0 1 tile-61
10 -6 3 0 0 1 tile-61
7 -5 3 0 0 1 tile-60
7 -6 0 0 0 1 tile-61
7 -7 0 0 0 1 tile-63
8 -4 1 0 0 1 tile-63
9 -4 1 0 0 1 tile-63
7 -4 0 0 0 1 tile-65
10 -4 0 0 0 1 tile-67
10 -3 0 0 0 1 tile-67
11 -4 0 0 0 1 tile-67
2 -6 0 0 0 1 tile-68
3 -6 0 0 0 1 tile-68
3 -5 0 0 0 1 tile-68
3 -2 0 0 0 1 tile-68
3 -1 0 0 0 1 tile-68
4 -1 0 0 0 1 tile-68
8 -2 0 0 0 1 tile-68
1 -11 0 0 0 1 tile-68
3 -13 0 0 0 1 tile-68
4 -13 0 0 0 1 tile-68
5 -13 0 0 0 1 tile-68
6 -13 0 0 0 1 tile-68
15 -14 0 0 0 1 tile-68
15 -13 0 0 0 1 tile-68
14 -13 0 0 0 1 tile-68
6 -15 0 0 0 1 tile-68
7 -15 0 0 0 1 tile-68
7 -14 0 0 0 1 tile-68
8 -14 0 0 0 1 tile-68
13 -14 0 0 0 1 tile-68
13 -13 0 0 0 1 tile-68
12 -13 0 0 0 1 tile-68
1 -5 0 0 0 1 tile-68
1 -6 0 0 0 1 tile-68
1 -9 0 0 0 1 tile-68
2 -9 0 0 0 1 tile-68
2 -10 0 0 0 1 tile-68
5 -2 0 0 0 1 tile-68
14 -3 0 0 0 1 tile-68
12 -2 0 0 0 1 tile-68
13 -2 0 0 0 1 tile-68
14 -2 0 0 0 1 tile-68
1 -3 0 0 0 1 tile-69
1 -2 0 0 0 1 tile-69
2 -2 0 0 0 1 tile-69
5 -5 0 0 0 1 tile-69
5 -4 0 0 0 1 tile-69
1 -7 0 0 0 1 tile-69
0 -13 0 0 0 1 tile-69
1 -13 0 0 0 1 tile-69
2 -14 0 0 0 1 tile-69
10 -13 0 0 0 1 tile-69
12 -8 0 0 0 1 tile-69
2 -3 0 0 0 2 tile-30
3 -3 0 0 0 2 tile-31
4 -3 0 0 0 2 tile-32
4 -4 0 0 0 2 tile-38
3 -4 0 0 0 2 tile-37
5 -7 0 0 0 1 tile-67
7 -9 0 0 0 1 tile-67
9 -10 0 0 0 1 tile-69
11 -7 0 0 0 1 tile-69
15 -12 0 0 0 1 tile-67
2 -4 2 1 0 1 tile-63
11 -10 2 1 0 2 tile-32
10 -10 2 1 0 2 tile-30
10 -9 2 1 0 2 tile-36
11 -9 2 1 0 2 tile-38
5 -10 0 1 0 1 tile-64
6 -9 0 1 0 1 tile-64
5 -9 0 1 0 1 tile-62
6 -10 0 1 0 1 tile-62
7 -10 0 1 0 1 tile-62
8 -12 2 1 0 1 tile-60
9 -12 2 1 0 1 tile-60
10 -12 2 1 0 1 tile-60
11 -12 2 1 0 1 tile-60
12 -12 2 1 0 1 tile-60
13 -6 0 1 0 1 tile-67
12 -6 0 1 0 1 tile-67
13 -4 0 1 0 1 tile-68
14 -4 0 1 0 1 tile-68
15 -4 0 1 0 1 tile-68
15 -5 0 1 0 1 tile-68
15 -6 0 1 0 1 tile-68
15 -7 0 1 0 1 tile-68
15 -8 0 1 0 1 tile-68
13 -7 0 1 0 1 tile-68
13 -8 0 1 0 1 tile-68
12 -7 0 1 0 1 tile-68
3 -9 2 1 0 1 tile-61
3 -10 2 1 0 1 tile-61
3 -11 2 1 0 1 tile-61
7 -12 2 1 0 1 tile-65
13 -12 2 1 0 1 tile-65
12 -9 2 1 0 1 tile-65
11 -8 0 1 0 1 tile-64
9 -9 0 1 0 1 tile-64
8 -9 0 1 0 1 tile-68
6 -7 0 1 0 1 tile-68
15 -10 0 1 0 1 tile-68
11 -2 0 1 0 2 tile-36
10 -2 0 1 0 2 tile-37
9 -2 0 1 0 2 tile-38
9 -1 0 1 0 2 tile-39
8 -1 0 1 0 2 tile-37
7 -1 0 1 0 2 tile-38
7 0 0 1 0 2 tile-32
8 0 0 1 0 2 tile-31
9 0 0 1 0 2 tile-31
10 0 0 1 0 2 tile-31
11 0 0 1 0 2 tile-31
12 0 0 1 0 2 tile-30
12 -1 0 1 0 2 tile-36
11 -1 0 1 0 2 tile-40
10 -1 0 1 0 2 tile-34
6 -11 0 0 0 0 tile-13_0
7 -11 0 0 0 0 tile-13_1
6 -11 0 0 0 3 tile-14


===
6 11 0 0 0 0 99
8 11 1 0 0 0 1
9 11 1 0 0 0 1
10 11 1 0 0 0 1
11 11 1 0 0 0 1
12 9 3 0 0 0 4
14 8 0 0 0 0 1
14 7 0 0 0 0 1
14 6 0 0 0 0 1
14 5 2 0 0 0 2
13 5 3 0 0 0 1
12 5 3 0 0 0 1
11 5 3 0 0 0 1
8 5 3 0 0 0 7
7 8 3 0 0 0 1
6 8 3 0 0 0 1
4 8 1 0 0 0 3
4 10 0 0 0 0 3
9 7 0 0 0 1 60
8 7 0 0 0 1 60
9 6 3 0 0 1 61
10 6 3 0 0 1 61
7 5 3 0 0 1 60
7 6 0 0 0 1 61
7 7 0 0 0 1 63
8 4 1 0 0 1 63
9 4 1 0 0 1 63
7 4 0 0 0 1 65
10 4 0 0 0 1 67
10 3 0 0 0 1 67
11 4 0 0 0 1 67
2 6 0 0 0 1 68
3 6 0 0 0 1 68
3 5 0 0 0 1 68
3 2 0 0 0 1 68
3 1 0 0 0 1 68
4 1 0 0 0 1 68
8 2 0 0 0 1 68
1 11 0 0 0 1 68
3 13 0 0 0 1 68
4 13 0 0 0 1 68
5 13 0 0 0 1 68
6 13 0 0 0 1 68
15 14 0 0 0 1 68
15 13 0 0 0 1 68
14 13 0 0 0 1 68
6 15 0 0 0 1 68
7 15 0 0 0 1 68
7 14 0 0 0 1 68
8 14 0 0 0 1 68
13 14 0 0 0 1 68
13 13 0 0 0 1 68
12 13 0 0 0 1 68
1 5 0 0 0 1 68
1 6 0 0 0 1 68
1 9 0 0 0 1 68
2 9 0 0 0 1 68
2 10 0 0 0 1 68
5 2 0 0 0 1 68
14 3 0 0 0 1 68
12 2 0 0 0 1 68
13 2 0 0 0 1 68
14 2 0 0 0 1 68
1 3 0 0 0 1 69
1 2 0 0 0 1 69
2 2 0 0 0 1 69
5 5 0 0 0 1 69
5 4 0 0 0 1 69
1 7 0 0 0 1 69
0 13 0 0 0 1 69
1 13 0 0 0 1 69
2 14 0 0 0 1 69
10 13 0 0 0 1 69
12 8 0 0 0 1 69
2 3 0 0 0 2 30
3 3 0 0 0 2 31
4 3 0 0 0 2 32
4 4 0 0 0 2 38
3 4 0 0 0 2 37
5 7 0 0 0 1 67
7 9 0 0 0 1 67
9 10 0 0 0 1 69
11 7 0 0 0 1 69
15 12 0 0 0 1 67
2 4 2 1 0 1 63
11 10 2 1 0 2 32
10 10 2 1 0 2 30
10 9 2 1 0 2 36
11 9 2 1 0 2 38
5 10 0 1 0 1 64
6 9 0 1 0 1 64
5 9 0 1 0 1 62
6 10 0 1 0 1 62
7 10 0 1 0 1 62
8 12 2 1 0 1 60
9 12 2 1 0 1 60
10 12 2 1 0 1 60
11 12 2 1 0 1 60
12 12 2 1 0 1 60
13 6 0 1 0 1 67
12 6 0 1 0 1 67
13 4 0 1 0 1 68
14 4 0 1 0 1 68
15 4 0 1 0 1 68
15 5 0 1 0 1 68
15 6 0 1 0 1 68
15 7 0 1 0 1 68
15 8 0 1 0 1 68
13 7 0 1 0 1 68
13 8 0 1 0 1 68
12 7 0 1 0 1 68
3 9 2 1 0 1 61
3 10 2 1 0 1 61
3 11 2 1 0 1 61
7 12 2 1 0 1 65
13 12 2 1 0 1 65
12 9 2 1 0 1 65
11 8 0 1 0 1 64
9 9 0 1 0 1 64
8 9 0 1 0 1 68
6 7 0 1 0 1 68
15 10 0 1 0 1 68
11 2 0 1 0 2 36
10 2 0 1 0 2 37
9 2 0 1 0 2 38
9 1 0 1 0 2 39
8 1 0 1 0 2 37
7 1 0 1 0 2 38
7 0 0 1 0 2 32
8 0 0 1 0 2 31
9 0 0 1 0 2 31
10 0 0 1 0 2 31
11 0 0 1 0 2 31
12 0 0 1 0 2 30
12 1 0 1 0 2 36
11 1 0 1 0 2 40
10 1 0 1 0 2 34
