8 -7 3 1 0 2 tile-31
8 -6 3 1 0 2 tile-31
8 -5 3 1 0 2 tile-31
8 -4 3 1 0 2 tile-31
7 -6 1 1 0 2 tile-31
7 -7 1 1 0 2 tile-31
7 -5 1 1 0 2 tile-31
7 -4 1 1 0 2 tile-41
7 -3 3 1 0 2 tile-35
8 -3 2 1 0 2 tile-38
6 -3 2 1 0 2 tile-37
5 -3 2 1 0 2 tile-37
4 -3 2 1 0 2 tile-39
3 -2 2 1 0 2 tile-39
2 -1 2 1 0 2 tile-39
1 0 2 1 0 2 tile-39
3 -3 0 1 0 2 tile-39
2 -2 0 1 0 2 tile-39
1 -1 0 1 0 2 tile-39
0 0 0 1 0 2 tile-39
2 -3 0 1 0 2 tile-38
1 -2 0 1 0 2 tile-38
0 -1 0 1 0 2 tile-38
4 -2 2 1 0 2 tile-38
3 -1 2 1 0 2 tile-38
2 0 2 1 0 2 tile-38
6 -4 1 1 0 2 tile-35
5 -4 1 1 0 2 tile-35
4 -4 1 1 0 2 tile-35
3 -4 1 1 0 2 tile-32
6 -3 1 1 0 0 tile-8_0
6 -4 1 1 0 0 tile-8_1
6 -5 0 1 0 0 tile-1
6 -2 2 1 0 0 tile-3_0
7 -2 2 1 0 0 tile-3_1
6 -1 2 1 0 0 tile-3_2
7 -1 2 1 0 0 tile-3_3
10 -3 2 0 0 0 tile-4_0
9 -3 2 0 0 0 tile-4_1
10 -2 2 0 0 0 tile-4_2
9 -2 2 0 0 0 tile-4_3
8 -2 2 0 0 0 tile-4_4
10 -1 2 0 0 0 tile-4_5
9 -1 2 0 0 0 tile-4_6
8 -1 2 0 0 0 tile-4_7
13 -6 2 0 0 0 tile-7_0
12 -6 2 0 0 0 tile-7_1
11 -6 2 0 0 0 tile-7_2
10 -6 2 0 0 0 tile-7_3
13 -5 2 0 0 0 tile-7_4
12 -5 2 0 0 0 tile-7_5
11 -5 2 0 0 0 tile-7_6
10 -5 2 0 0 0 tile-7_7
13 -4 2 0 0 0 tile-7_8
12 -4 2 0 0 0 tile-7_9
11 -4 2 0 0 0 tile-7_10
10 -4 2 0 0 0 tile-7_11
14 -9 2 0 0 0 tile-10_0
13 -9 2 0 0 0 tile-10_1
14 -8 2 0 0 0 tile-10_2
13 -8 2 0 0 0 tile-10_3
14 -7 2 0 0 0 tile-10_4
13 -7 2 0 0 0 tile-10_5
14 -11 2 0 0 0 tile-12_0
13 -11 2 0 0 0 tile-12_1
14 -10 2 0 0 0 tile-12_2
13 -10 2 0 0 0 tile-12_3
11 -11 3 0 0 0 tile-11_0
11 -10 3 0 0 0 tile-11_1
12 -11 3 0 0 0 tile-11_2
12 -10 3 0 0 0 tile-11_3
8 -8 0 1 1 2 tile-30
7 -8 1 1 1 2 tile-30
2 -11 1 1 1 0 tile-12_0
2 -10 1 1 1 0 tile-12_1
3 -11 1 1 1 0 tile-12_2
3 -10 1 1 1 0 tile-12_3
4 -11 1 1 1 0 tile-9_0
4 -10 1 1 1 0 tile-9_1
5 -11 1 1 1 0 tile-9_2
5 -10 1 1 1 0 tile-9_3
6 -11 1 1 1 0 tile-9_4
6 -10 1 1 1 0 tile-9_5
10 -11 3 1 0 0 tile-9_0
10 -10 3 1 0 0 tile-9_1
9 -11 3 1 0 0 tile-9_2
9 -10 3 1 0 0 tile-9_3
8 -11 3 1 0 0 tile-9_4
8 -10 3 1 0 0 tile-9_5
2 -8 1 1 0 0 tile-12_0
2 -9 1 1 0 0 tile-12_1
3 -8 1 1 0 0 tile-12_2
3 -9 1 1 0 0 tile-12_3
7 -11 1 1 0 0 tile-1
6 -8 0 1 0 0 tile-2
5 -8 3 1 0 0 tile-1
4 -8 3 1 0 0 tile-1
3 -3 3 1 0 0 tile-8_0
3 -2 3 1 0 0 tile-8_1
1 -5 2 1 0 0 tile-6_0
2 -5 2 1 0 0 tile-6_1
3 -5 2 1 0 0 tile-6_2
1 -4 2 1 0 0 tile-6_3
2 -4 2 1 0 0 tile-6_4
3 -4 2 1 0 0 tile-6_5
3 -1 2 1 0 0 tile-6_0
4 -1 2 1 0 0 tile-6_1
5 -1 2 1 0 0 tile-6_2
3 0 2 1 0 0 tile-6_3
4 0 2 1 0 0 tile-6_4
5 0 2 1 0 0 tile-6_5
1 -6 0 1 0 0 tile-3_0
0 -6 0 1 0 0 tile-3_1
1 -7 0 1 0 0 tile-3_2
0 -7 0 1 0 0 tile-3_3
5 -6 0 1 0 1 tile-67
4 -7 0 1 0 1 tile-69
0 -7 0 1 0 1 tile-61
0 -6 0 1 0 1 tile-61
0 -5 0 1 0 1 tile-61
0 -4 0 1 0 1 tile-61
1 -3 0 1 0 1 tile-68
0 -3 0 1 0 1 tile-68
0 -2 0 1 0 1 tile-68
4 0 0 1 0 1 tile-68
3 0 0 1 0 1 tile-68
2 0 0 1 0 1 tile-68
5 0 0 1 0 1 tile-62
6 0 0 1 0 1 tile-68
5 -2 0 1 0 1 tile-69
8 -2 0 1 0 1 tile-69
3 -7 0 1 0 1 tile-66
2 -7 0 1 0 1 tile-66
1 -8 0 1 0 1 tile-65
0 -8 0 1 0 1 tile-64
4 -4 0 1 0 1 tile-62
5 -4 0 1 0 1 tile-62
1 -7 0 1 0 1 tile-62
2 -6 0 1 0 1 tile-62
12 -7 0 1 0 1 tile-69
11 -4 0 1 0 1 tile-61
11 -3 0 1 0 1 tile-64
12 -2 0 1 0 1 tile-64
10 0 0 1 0 1 tile-64
11 -1 0 1 0 1 tile-68
12 -1 0 1 0 1 tile-68
11 0 0 1 0 1 tile-68
9 0 0 1 0 1 tile-68
8 0 0 1 0 1 tile-68
7 0 0 1 0 1 tile-68
12 -3 0 1 0 1 tile-68
13 -3 0 1 0 1 tile-65
14 -6 0 1 0 1 tile-61
11 -7 0 1 0 1 tile-60
10 -7 0 1 0 1 tile-60
9 -7 0 1 0 1 tile-60
9 -6 0 1 0 1 tile-69
16 -5 0 1 0 1 tile-69
14 -3 0 1 0 1 tile-66
16 -4 0 1 0 1 tile-66
16 -3 0 1 0 1 tile-68
17 -4 0 1 0 1 tile-68
18 -5 0 1 0 1 tile-68
19 -6 0 1 0 1 tile-68
19 -7 0 1 0 1 tile-68
19 -8 0 1 0 1 tile-68
18 -9 0 1 0 1 tile-68
17 -10 0 1 0 1 tile-68
16 -11 0 1 0 1 tile-68
15 -8 0 1 0 1 tile-69
12 -9 0 1 0 1 tile-65
11 -9 0 0 0 1 tile-65
10 -9 0 0 0 1 tile-64
14 -11 0 0 0 1 tile-60
13 -11 0 0 0 1 tile-60
12 -11 0 0 0 1 tile-60
11 -11 0 0 0 1 tile-60
10 -11 0 0 0 1 tile-60
9 -11 0 0 0 1 tile-60
8 -11 0 0 0 1 tile-60
7 -11 0 0 0 1 tile-60
6 -11 0 0 0 1 tile-60
5 -11 0 0 0 1 tile-60
4 -11 0 0 0 1 tile-60
3 -11 0 0 0 1 tile-60
2 -11 0 0 0 1 tile-60
7 -9 0 0 0 1 tile-67
6 -9 0 0 0 1 tile-68
5 -9 0 0 0 1 tile-68
4 -10 0 0 0 1 tile-60
10 -10 0 0 0 1 tile-60
1 -11 0 0 0 1 tile-65
0 -10 0 0 0 1 tile-65
1 -9 0 0 0 1 tile-65
0 -9 0 0 0 1 tile-64
0 -11 0 0 0 1 tile-64
1 -10 2 0 0 1 tile-61
15 -11 0 0 0 1 tile-64
15 -2 0 0 0 1 tile-64
14 -1 0 0 0 1 tile-64
17 -11 0 0 0 1 tile-68
18 -11 0 0 0 1 tile-68
18 -10 0 0 0 1 tile-68
19 -10 0 0 0 1 tile-68
19 -11 0 0 0 1 tile-68
19 -9 0 0 0 1 tile-68
18 -4 0 0 0 1 tile-68
17 -3 0 0 0 1 tile-68
16 -2 0 0 0 1 tile-68
13 -1 0 0 0 1 tile-68
15 -1 0 0 0 1 tile-68
16 -1 0 0 0 1 tile-68
17 -1 0 0 0 1 tile-68
18 -1 0 0 0 1 tile-68
18 -2 0 0 0 1 tile-68
18 -3 0 0 0 1 tile-68
17 -2 0 0 0 1 tile-68
13 0 0 0 0 1 tile-68
16 0 0 0 0 1 tile-68
19 -5 0 0 0 1 tile-68
19 -4 0 0 0 1 tile-68
18 -8 0 0 0 1 tile-69
17 -9 0 0 0 1 tile-69
8 -7 0 0 0 1 tile-63
8 -6 0 0 0 1 tile-63
14 -2 0 0 0 1 tile-62
12 0 0 0 0 1 tile-62
16 -10 0 0 0 1 tile-62
7 -8 0 0 0 1 tile-62
4 -9 0 0 0 1 tile-65
3 -9 0 0 0 1 tile-63
12 -5 0 0 0 1 tile-63
12 -6 0 0 0 1 tile-61
11 -5 2 0 0 1 tile-61
9 -4 0 0 0 1 tile-68
9 -5 0 0 0 1 tile-68
14 -4 0 0 0 1 tile-68
14 -7 0 0 0 1 tile-67
17 -6 0 0 0 1 tile-66
17 -7 0 0 0 1 tile-66
17 -8 0 0 0 1 tile-66
16 -6 0 0 0 1 tile-66
16 -7 0 0 0 1 tile-66
16 -8 0 0 0 1 tile-66
6 -7 3 1 0 0 tile-13_0
6 -6 3 1 0 0 tile-13_1
6 -7 3 1 0 3 tile-14


===
6 6 1 1 0 0 99
8 7 1 1 0 2 31
8 6 1 1 0 2 31
8 5 1 1 0 2 31
8 4 1 1 0 2 31
7 6 3 1 0 2 31
7 7 3 1 0 2 31
7 5 3 1 0 2 31
7 4 3 1 0 2 41
7 3 1 1 0 2 35
8 3 2 1 0 2 38
6 3 2 1 0 2 37
5 3 2 1 0 2 37
4 3 2 1 0 2 39
3 2 2 1 0 2 39
2 1 2 1 0 2 39
1 0 2 1 0 2 39
3 3 0 1 0 2 39
2 2 0 1 0 2 39
1 1 0 1 0 2 39
0 0 0 1 0 2 39
2 3 0 1 0 2 38
1 2 0 1 0 2 38
0 1 0 1 0 2 38
4 2 2 1 0 2 38
3 1 2 1 0 2 38
2 0 2 1 0 2 38
6 4 3 1 0 2 35
5 4 3 1 0 2 35
4 4 3 1 0 2 35
3 4 3 1 0 2 32
6 3 3 1 0 0 8
6 5 0 1 0 0 1
6 1 2 1 0 0 3
8 1 2 0 0 0 4
10 4 2 0 0 0 7
13 7 2 0 0 0 10
13 10 2 0 0 0 12
11 10 3 0 0 0 11
8 8 0 1 1 2 30
7 8 1 1 1 2 30
2 10 1 1 1 0 12
4 10 1 1 1 0 9
8 10 1 1 0 0 9
2 8 3 1 0 0 12
7 11 3 1 0 0 1
6 8 0 1 0 0 2
5 8 1 1 0 0 1
4 8 1 1 0 0 1
3 2 1 1 0 0 8
1 4 2 1 0 0 6
3 0 2 1 0 0 6
0 6 0 1 0 0 3
5 6 0 1 0 1 67
4 7 0 1 0 1 69
0 7 0 1 0 1 61
0 6 0 1 0 1 61
0 5 0 1 0 1 61
0 4 0 1 0 1 61
1 3 0 1 0 1 68
0 3 0 1 0 1 68
0 2 0 1 0 1 68
4 0 0 1 0 1 68
3 0 0 1 0 1 68
2 0 0 1 0 1 68
5 0 0 1 0 1 62
6 0 0 1 0 1 68
5 2 0 1 0 1 69
8 2 0 1 0 1 69
3 7 0 1 0 1 66
2 7 0 1 0 1 66
1 8 0 1 0 1 65
0 8 0 1 0 1 64
4 4 0 1 0 1 62
5 4 0 1 0 1 62
1 7 0 1 0 1 62
2 6 0 1 0 1 62
12 7 0 1 0 1 69
11 4 0 1 0 1 61
11 3 0 1 0 1 64
12 2 0 1 0 1 64
10 0 0 1 0 1 64
11 1 0 1 0 1 68
12 1 0 1 0 1 68
11 0 0 1 0 1 68
9 0 0 1 0 1 68
8 0 0 1 0 1 68
7 0 0 1 0 1 68
12 3 0 1 0 1 68
13 3 0 1 0 1 65
14 6 0 1 0 1 61
11 7 0 1 0 1 60
10 7 0 1 0 1 60
9 7 0 1 0 1 60
9 6 0 1 0 1 69
16 5 0 1 0 1 69
14 3 0 1 0 1 66
16 4 0 1 0 1 66
16 3 0 1 0 1 68
17 4 0 1 0 1 68
18 5 0 1 0 1 68
19 6 0 1 0 1 68
19 7 0 1 0 1 68
19 8 0 1 0 1 68
18 9 0 1 0 1 68
17 10 0 1 0 1 68
16 11 0 1 0 1 68
15 8 0 1 0 1 69
12 9 0 1 0 1 65
11 9 0 0 0 1 65
10 9 0 0 0 1 64
14 11 0 0 0 1 60
13 11 0 0 0 1 60
12 11 0 0 0 1 60
11 11 0 0 0 1 60
10 11 0 0 0 1 60
9 11 0 0 0 1 60
8 11 0 0 0 1 60
7 11 0 0 0 1 60
6 11 0 0 0 1 60
5 11 0 0 0 1 60
4 11 0 0 0 1 60
3 11 0 0 0 1 60
2 11 0 0 0 1 60
7 9 0 0 0 1 67
6 9 0 0 0 1 68
5 9 0 0 0 1 68
4 10 0 0 0 1 60
10 10 0 0 0 1 60
1 11 0 0 0 1 65
0 10 0 0 0 1 65
1 9 0 0 0 1 65
0 9 0 0 0 1 64
0 11 0 0 0 1 64
1 10 2 0 0 1 61
15 11 0 0 0 1 64
15 2 0 0 0 1 64
14 1 0 0 0 1 64
17 11 0 0 0 1 68
18 11 0 0 0 1 68
18 10 0 0 0 1 68
19 10 0 0 0 1 68
19 11 0 0 0 1 68
19 9 0 0 0 1 68
18 4 0 0 0 1 68
17 3 0 0 0 1 68
16 2 0 0 0 1 68
13 1 0 0 0 1 68
15 1 0 0 0 1 68
16 1 0 0 0 1 68
17 1 0 0 0 1 68
18 1 0 0 0 1 68
18 2 0 0 0 1 68
18 3 0 0 0 1 68
17 2 0 0 0 1 68
13 0 0 0 0 1 68
16 0 0 0 0 1 68
19 5 0 0 0 1 68
19 4 0 0 0 1 68
18 8 0 0 0 1 69
17 9 0 0 0 1 69
8 7 0 0 0 1 63
8 6 0 0 0 1 63
14 2 0 0 0 1 62
12 0 0 0 0 1 62
16 10 0 0 0 1 62
7 8 0 0 0 1 62
4 9 0 0 0 1 65
3 9 0 0 0 1 63
12 5 0 0 0 1 63
12 6 0 0 0 1 61
11 5 2 0 0 1 61
9 4 0 0 0 1 68
9 5 0 0 0 1 68
14 4 0 0 0 1 68
14 7 0 0 0 1 67
17 6 0 0 0 1 66
17 7 0 0 0 1 66
17 8 0 0 0 1 66
16 6 0 0 0 1 66
16 7 0 0 0 1 66
16 8 0 0 0 1 66
