2 -2 2 1 0 0 tile-2
3 -2 1 1 0 0 tile-1
4 -2 1 1 0 0 tile-2
4 -3 0 1 0 0 tile-5_0
3 -3 0 1 0 0 tile-5_1
4 -4 0 1 0 0 tile-5_2
3 -4 0 1 0 0 tile-5_3
3 -4 0 1 0 1 tile-61
1 -4 0 1 0 1 tile-61
1 -3 0 1 0 1 tile-64
3 -3 0 1 0 1 tile-63
3 -5 3 1 0 0 tile-2
5 -7 3 1 0 0 tile-6_0
5 -6 3 1 0 0 tile-6_1
5 -5 3 1 0 0 tile-6_2
4 -7 3 1 0 0 tile-6_3
4 -6 3 1 0 0 tile-6_4
4 -5 3 1 0 0 tile-6_5
8 -4 1 0 0 0 tile-7_0
8 -5 1 0 0 0 tile-7_1
8 -6 1 0 0 0 tile-7_2
8 -7 1 0 0 0 tile-7_3
7 -4 1 0 0 0 tile-7_4
7 -5 1 0 0 0 tile-7_5
7 -6 1 0 0 0 tile-7_6
7 -7 1 0 0 0 tile-7_7
6 -4 1 0 0 0 tile-7_8
6 -5 1 0 0 0 tile-7_9
6 -6 1 0 0 0 tile-7_10
6 -7 1 0 0 0 tile-7_11
9 -4 3 0 0 0 tile-4_0
9 -3 3 0 0 0 tile-4_1
10 -4 3 0 0 0 tile-4_2
10 -3 3 0 0 0 tile-4_3
10 -2 3 0 0 0 tile-4_4
11 -4 3 0 0 0 tile-4_5
11 -3 3 0 0 0 tile-4_6
11 -2 3 0 0 0 tile-4_7
11 -1 1 0 0 0 tile-2
13 -2 2 0 0 0 tile-3_0
12 -2 2 0 0 0 tile-3_1
13 -1 2 0 0 0 tile-3_2
12 -1 2 0 0 0 tile-3_3
13 -3 0 0 0 0 tile-3_0
14 -3 0 0 0 0 tile-3_1
13 -4 0 0 0 0 tile-3_2
14 -4 0 0 0 0 tile-3_3
16 -5 2 0 0 0 tile-3_0
15 -5 2 0 0 0 tile-3_1
16 -4 2 0 0 0 tile-3_2
15 -4 2 0 0 0 tile-3_3
17 -8 2 0 0 0 tile-10_0
16 -8 2 0 0 0 tile-10_1
17 -7 2 0 0 0 tile-10_2
16 -7 2 0 0 0 tile-10_3
17 -6 2 0 0 0 tile-10_4
16 -6 2 0 0 0 tile-10_5
17 -10 2 0 0 0 tile-12_0
16 -10 2 0 0 0 tile-12_1
17 -9 2 0 0 0 tile-12_2
16 -9 2 0 0 0 tile-12_3
14 -10 3 0 0 0 tile-11_0
14 -9 3 0 0 0 tile-11_1
15 -10 3 0 0 0 tile-11_2
15 -9 3 0 0 0 tile-11_3
13 -10 3 1 0 0 tile-10_0
13 -9 3 1 0 0 tile-10_1
12 -10 3 1 0 0 tile-10_2
12 -9 3 1 0 0 tile-10_3
11 -10 3 1 0 0 tile-10_4
11 -9 3 1 0 0 tile-10_5
8 -10 1 1 1 0 tile-10_0
8 -9 1 1 1 0 tile-10_1
9 -10 1 1 1 0 tile-10_2
9 -9 1 1 1 0 tile-10_3
10 -10 1 1 1 0 tile-10_4
10 -9 1 1 1 0 tile-10_5
7 -9 3 1 1 0 tile-11_0
7 -10 3 1 1 0 tile-11_1
6 -9 3 1 1 0 tile-11_2
6 -10 3 1 1 0 tile-11_3
5 -9 3 1 1 0 tile-11_0
5 -10 3 1 1 0 tile-11_1
4 -9 3 1 1 0 tile-11_2
4 -10 3 1 1 0 tile-11_3
2 -10 1 1 1 0 tile-12_0
2 -9 1 1 1 0 tile-12_1
3 -10 1 1 1 0 tile-12_2
3 -9 1 1 1 0 tile-12_3
3 -8 0 1 1 0 tile-10_0
2 -8 0 1 1 0 tile-10_1
3 -7 0 1 1 0 tile-10_2
2 -7 0 1 1 0 tile-10_3
3 -6 0 1 1 0 tile-10_4
2 -6 0 1 1 0 tile-10_5
2 -5 0 1 1 0 tile-1
3 -6 0 1 1 1 tile-65
3 -5 0 1 1 1 tile-61
0 -6 2 1 1 1 tile-68
0 -5 2 1 1 1 tile-68
4 -8 2 1 1 1 tile-68
5 -8 2 1 1 1 tile-68
3 -7 2 1 1 1 tile-61
5 -5 2 1 1 1 tile-61
5 -4 2 1 1 1 tile-64
3 0 2 1 1 1 tile-64
1 -1 2 1 1 1 tile-64
5 -1 2 1 1 1 tile-64
4 0 2 1 1 1 tile-65
2 0 2 1 1 1 tile-65
1 0 2 1 1 1 tile-65
0 0 2 1 1 1 tile-65
0 -1 2 1 1 1 tile-65
0 -2 2 1 1 1 tile-65
0 -3 2 1 1 1 tile-65
5 0 2 1 1 1 tile-65
6 0 2 1 1 1 tile-65
6 -1 2 1 1 1 tile-65
6 -2 2 1 1 1 tile-65
5 -3 2 1 1 1 tile-60
6 -3 2 1 1 1 tile-60
7 -3 2 1 1 1 tile-69
6 -6 2 1 1 1 tile-69
7 -8 2 1 1 1 tile-68
9 -8 2 1 1 1 tile-68
10 -10 2 1 1 1 tile-67
11 -10 2 1 1 1 tile-67
6 -8 2 1 1 1 tile-67
8 -8 2 1 1 1 tile-67
12 -2 2 1 1 1 tile-69
12 -4 2 1 1 1 tile-68
11 -4 2 1 1 1 tile-68
10 -5 2 1 1 1 tile-68
8 -2 2 1 1 1 tile-68
9 -1 2 1 1 1 tile-68
15 -2 2 1 1 1 tile-68
14 -1 2 1 1 1 tile-68
10 -7 2 1 1 1 tile-68
12 -6 2 1 1 1 tile-68
11 -7 2 1 1 1 tile-68
13 -6 2 1 1 1 tile-68
13 -7 2 1 1 1 tile-68
13 -8 2 1 1 1 tile-68
12 -8 2 1 1 1 tile-68
14 -7 2 1 1 1 tile-68
14 -6 2 1 1 1 tile-68
12 -7 2 1 1 1 tile-69
9 -7 2 1 1 1 tile-69
18 -11 2 1 1 1 tile-65
18 -8 2 1 1 1 tile-65
18 -9 2 1 1 1 tile-68
18 -10 2 1 1 1 tile-68
18 -7 2 1 1 1 tile-68
18 -6 2 1 1 1 tile-68
18 -5 2 1 1 1 tile-68
18 -4 2 1 1 1 tile-68
18 -3 2 1 1 1 tile-68
17 -3 2 1 1 1 tile-68
17 -2 2 1 1 1 tile-68
16 -2 2 1 1 1 tile-68
16 -1 2 1 1 1 tile-68
15 -1 2 1 1 1 tile-68
17 -1 2 1 1 1 tile-68
18 -1 2 1 1 1 tile-68
18 -2 2 1 1 1 tile-68
18 0 2 1 1 1 tile-68
17 0 2 1 1 1 tile-68
16 0 2 1 1 1 tile-68
15 0 2 1 1 1 tile-68
14 0 2 1 1 1 tile-68
13 0 2 1 1 1 tile-68
12 0 2 1 1 1 tile-68
11 0 2 1 1 1 tile-68
10 0 2 1 1 1 tile-68
9 0 2 1 1 1 tile-68
8 0 2 1 1 1 tile-68
7 0 2 1 1 1 tile-68
8 -1 2 1 1 1 tile-69
15 -11 2 1 1 1 tile-69
8 -11 2 1 1 1 tile-69
17 -11 2 1 1 1 tile-68
16 -11 2 1 1 1 tile-68
14 -11 2 1 1 1 tile-68
13 -11 2 1 1 1 tile-68
12 -11 2 1 1 1 tile-68
11 -11 2 1 1 1 tile-68
10 -11 2 1 1 1 tile-68
9 -11 2 1 1 1 tile-68
7 -11 2 1 1 1 tile-68
6 -11 2 1 1 1 tile-68
5 -11 2 1 1 1 tile-68
4 -11 2 1 1 1 tile-68
3 -11 2 1 1 1 tile-68
2 -11 2 1 1 1 tile-68
1 -11 2 1 1 1 tile-68
1 -10 2 1 1 1 tile-68
0 -10 2 1 1 1 tile-68
0 -11 2 1 1 1 tile-68
0 -9 2 1 1 1 tile-68
0 -8 2 1 1 1 tile-68
0 -7 2 1 1 1 tile-68
11 -6 2 1 1 1 tile-60
15 -6 2 1 1 1 tile-62
16 -3 2 1 1 1 tile-62
1 -2 2 1 1 1 tile-62
0 -4 2 1 1 1 tile-62
7 -1 2 1 1 1 tile-62
10 -1 2 1 1 1 tile-62
9 -4 2 1 1 1 tile-62
7 -5 0 1 1 1 tile-60
14 -2 0 1 1 1 tile-60
17 -4 0 1 1 1 tile-60
8 -5 3 0 0 1 tile-61
7 -6 1 0 0 1 tile-61
8 -6 2 0 0 1 tile-61
4 -6 2 0 0 1 tile-63
1 -9 2 0 0 1 tile-63
1 -7 1 0 0 1 tile-62
1 -6 1 0 0 1 tile-62
14 -5 0 0 0 1 tile-62
12 -5 0 0 0 1 tile-62
12 -3 0 0 0 1 tile-61
4 -1 3 0 0 1 tile-61
2 -1 3 0 0 1 tile-61
5 -2 3 0 0 1 tile-60
7 -2 1 0 0 1 tile-60
17 -5 0 0 0 1 tile-67
14 -8 2 0 0 1 tile-60
15 -7 1 0 0 1 tile-60
14 -9 0 0 0 1 tile-68
2 -3 1 1 0 0 tile-13_0
2 -4 1 1 0 0 tile-13_1
2 -3 1 1 0 3 tile-14


===
2 3 3 1 0 0 99
2 2 2 1 0 0 2
3 2 3 1 0 0 1
4 2 3 1 0 0 2
3 3 0 1 0 0 5
3 4 0 1 0 1 61
1 4 0 1 0 1 61
1 3 0 1 0 1 64
3 3 0 1 0 1 63
3 5 1 1 0 0 2
4 5 1 1 0 0 6
6 4 1 0 0 0 7
9 2 3 0 0 0 4
11 1 1 0 0 0 2
12 1 2 0 0 0 3
13 3 0 0 0 0 3
15 4 2 0 0 0 3
16 6 2 0 0 0 10
16 9 2 0 0 0 12
14 9 3 0 0 0 11
11 9 1 1 0 0 10
8 9 1 1 1 0 10
6 9 3 1 1 0 11
4 9 3 1 1 0 11
2 9 1 1 1 0 12
2 6 0 1 1 0 10
2 5 0 1 1 0 1
3 6 0 1 1 1 65
3 5 0 1 1 1 61
0 6 2 1 1 1 68
0 5 2 1 1 1 68
4 8 2 1 1 1 68
5 8 2 1 1 1 68
3 7 2 1 1 1 61
5 5 2 1 1 1 61
5 4 2 1 1 1 64
3 0 2 1 1 1 64
1 1 2 1 1 1 64
5 1 2 1 1 1 64
4 0 2 1 1 1 65
2 0 2 1 1 1 65
1 0 2 1 1 1 65
0 0 2 1 1 1 65
0 1 2 1 1 1 65
0 2 2 1 1 1 65
0 3 2 1 1 1 65
5 0 2 1 1 1 65
6 0 2 1 1 1 65
6 1 2 1 1 1 65
6 2 2 1 1 1 65
5 3 2 1 1 1 60
6 3 2 1 1 1 60
7 3 2 1 1 1 69
6 6 2 1 1 1 69
7 8 2 1 1 1 68
9 8 2 1 1 1 68
10 10 2 1 1 1 67
11 10 2 1 1 1 67
6 8 2 1 1 1 67
8 8 2 1 1 1 67
12 2 2 1 1 1 69
12 4 2 1 1 1 68
11 4 2 1 1 1 68
10 5 2 1 1 1 68
8 2 2 1 1 1 68
9 1 2 1 1 1 68
15 2 2 1 1 1 68
14 1 2 1 1 1 68
10 7 2 1 1 1 68
12 6 2 1 1 1 68
11 7 2 1 1 1 68
13 6 2 1 1 1 68
13 7 2 1 1 1 68
13 8 2 1 1 1 68
12 8 2 1 1 1 68
14 7 2 1 1 1 68
14 6 2 1 1 1 68
12 7 2 1 1 1 69
9 7 2 1 1 1 69
18 11 2 1 1 1 65
18 8 2 1 1 1 65
18 9 2 1 1 1 68
18 10 2 1 1 1 68
18 7 2 1 1 1 68
18 6 2 1 1 1 68
18 5 2 1 1 1 68
18 4 2 1 1 1 68
18 3 2 1 1 1 68
17 3 2 1 1 1 68
17 2 2 1 1 1 68
16 2 2 1 1 1 68
16 1 2 1 1 1 68
15 1 2 1 1 1 68
17 1 2 1 1 1 68
18 1 2 1 1 1 68
18 2 2 1 1 1 68
18 0 2 1 1 1 68
17 0 2 1 1 1 68
16 0 2 1 1 1 68
15 0 2 1 1 1 68
14 0 2 1 1 1 68
13 0 2 1 1 1 68
12 0 2 1 1 1 68
11 0 2 1 1 1 68
10 0 2 1 1 1 68
9 0 2 1 1 1 68
8 0 2 1 1 1 68
7 0 2 1 1 1 68
8 1 2 1 1 1 69
15 11 2 1 1 1 69
8 11 2 1 1 1 69
17 11 2 1 1 1 68
16 11 2 1 1 1 68
14 11 2 1 1 1 68
13 11 2 1 1 1 68
12 11 2 1 1 1 68
11 11 2 1 1 1 68
10 11 2 1 1 1 68
9 11 2 1 1 1 68
7 11 2 1 1 1 68
6 11 2 1 1 1 68
5 11 2 1 1 1 68
4 11 2 1 1 1 68
3 11 2 1 1 1 68
2 11 2 1 1 1 68
1 11 2 1 1 1 68
1 10 2 1 1 1 68
0 10 2 1 1 1 68
0 11 2 1 1 1 68
0 9 2 1 1 1 68
0 8 2 1 1 1 68
0 7 2 1 1 1 68
11 6 2 1 1 1 60
15 6 2 1 1 1 62
16 3 2 1 1 1 62
1 2 2 1 1 1 62
0 4 2 1 1 1 62
7 1 2 1 1 1 62
10 1 2 1 1 1 62
9 4 2 1 1 1 62
7 5 0 1 1 1 60
14 2 0 1 1 1 60
17 4 0 1 1 1 60
8 5 3 0 0 1 61
7 6 1 0 0 1 61
8 6 2 0 0 1 61
4 6 2 0 0 1 63
1 9 2 0 0 1 63
1 7 1 0 0 1 62
1 6 1 0 0 1 62
14 5 0 0 0 1 62
12 5 0 0 0 1 62
12 3 0 0 0 1 61
4 1 3 0 0 1 61
2 1 3 0 0 1 61
5 2 3 0 0 1 60
7 2 1 0 0 1 60
17 5 0 0 0 1 67
14 8 2 0 0 1 60
15 7 1 0 0 1 60
14 9 0 0 0 1 68
