1 -4 0 0 0 0 tile-2
1 -3 1 0 0 0 tile-2
5 -3 2 0 0 0 tile-8_0
4 -3 2 0 0 0 tile-8_1
4 -4 3 0 0 0 tile-1
5 -4 3 0 0 0 tile-1
6 -4 3 0 0 0 tile-1
7 -4 3 0 0 0 tile-1
8 -4 3 0 0 0 tile-1
9 -4 3 0 0 0 tile-1
10 -4 3 0 0 0 tile-3_0
10 -3 3 0 0 0 tile-3_1
11 -4 3 0 0 0 tile-3_2
11 -3 3 0 0 0 tile-3_3
11 -2 2 0 0 0 tile-2
8 -3 3 0 0 0 tile-5_0
8 -2 3 0 0 0 tile-5_1
9 -3 3 0 0 0 tile-5_2
9 -2 3 0 0 0 tile-5_3
10 -2 3 0 0 0 tile-1
6 -3 3 0 0 0 tile-1
9 -3 0 0 0 1 tile-68
10 -3 0 0 0 1 tile-68
6 -3 1 0 0 1 tile-63
2 -3 1 0 0 0 tile-1
2 -3 1 0 0 1 tile-63
3 -3 1 0 0 0 tile-1
3 -3 1 0 0 1 tile-63
5 -3 1 0 0 1 tile-61
7 -3 1 0 0 0 tile-1
7 -3 1 0 0 1 tile-61
10 -1 0 0 0 1 tile-67
8 -1 0 0 0 1 tile-67
9 -1 0 0 0 1 tile-67
5 -2 2 0 0 1 tile-62
4 -2 2 0 0 1 tile-62
3 -2 2 0 0 1 tile-62
2 -2 0 0 0 1 tile-68
6 -2 0 0 0 1 tile-68
7 -2 0 0 0 1 tile-68
2 -5 0 0 0 1 tile-68
3 -5 0 0 0 1 tile-68
4 -5 0 0 0 1 tile-68
6 -5 0 0 0 1 tile-68
7 -5 0 0 0 1 tile-68
8 -5 0 0 0 1 tile-68
9 -5 0 0 0 1 tile-68
10 -5 0 0 0 1 tile-68
9 -6 0 0 0 1 tile-68
7 -6 0 0 0 1 tile-68
6 -6 0 0 0 1 tile-68
4 -6 0 0 0 1 tile-68
2 -6 0 0 0 1 tile-68
1 -6 0 0 0 1 tile-68
3 -7 0 0 0 1 tile-68
4 -7 0 0 0 1 tile-68
5 -7 0 0 0 1 tile-68
6 -7 0 0 0 1 tile-68
8 -7 0 0 0 1 tile-68
9 -7 0 0 0 1 tile-68
10 -7 0 0 0 1 tile-68
0 -1 0 0 0 1 tile-68
0 -3 0 0 0 1 tile-68
0 -4 0 0 0 1 tile-68
1 0 0 0 0 1 tile-68
2 0 0 0 0 1 tile-68
4 0 0 0 0 1 tile-68
5 0 0 0 0 1 tile-68
4 -1 0 0 0 1 tile-68
3 -1 0 0 0 1 tile-68
2 -1 0 0 0 1 tile-68
7 0 0 0 0 1 tile-68
8 0 0 0 0 1 tile-68
9 0 0 0 0 1 tile-68
11 0 0 0 0 1 tile-68
11 -6 0 0 0 1 tile-68
11 -7 0 0 0 1 tile-68
1 -7 0 0 0 1 tile-68
2 -7 0 0 0 1 tile-68
0 -6 0 0 0 1 tile-68
3 0 0 0 0 1 tile-62
1 -1 0 0 0 1 tile-62
0 0 0 0 0 1 tile-62
0 -5 0 0 0 1 tile-62
3 -6 2 0 0 1 tile-62
5 -5 2 0 0 1 tile-62
10 -6 0 0 0 1 tile-62
11 -5 0 0 0 1 tile-62
10 0 0 0 0 1 tile-60
5 -1 0 0 0 1 tile-60
0 -2 0 0 0 1 tile-60
1 -5 0 0 0 1 tile-60
5 -6 0 0 0 1 tile-60
8 -6 0 0 0 1 tile-60
7 -7 0 0 0 1 tile-60
0 -7 0 0 0 1 tile-60
7 -1 0 0 0 1 tile-60
2 -4 0 0 0 0 tile-13_0
3 -4 0 0 0 0 tile-13_1
2 -4 0 0 0 3 tile-14

===
2 4 0 0 0 0 99
1 4 0 0 0 0 2
1 3 1 0 0 0 2
4 3 2 0 0 0 8
4 4 3 0 0 0 1
5 4 3 0 0 0 1
6 4 3 0 0 0 1
7 4 3 0 0 0 1
8 4 3 0 0 0 1
9 4 3 0 0 0 1
10 3 3 0 0 0 3
11 2 2 0 0 0 2
8 2 3 0 0 0 5
10 2 3 0 0 0 1
6 3 3 0 0 0 1
9 3 0 0 0 1 68
10 3 0 0 0 1 68
6 3 1 0 0 1 63
2 3 1 0 0 0 1
2 3 1 0 0 1 63
3 3 1 0 0 0 1
3 3 1 0 0 1 63
5 3 1 0 0 1 61
7 3 1 0 0 0 1
7 3 1 0 0 1 61
10 1 0 0 0 1 67
8 1 0 0 0 1 67
9 1 0 0 0 1 67
5 2 2 0 0 1 62
4 2 2 0 0 1 62
3 2 2 0 0 1 62
2 2 0 0 0 1 68
6 2 0 0 0 1 68
7 2 0 0 0 1 68
2 5 0 0 0 1 68
3 5 0 0 0 1 68
4 5 0 0 0 1 68
6 5 0 0 0 1 68
7 5 0 0 0 1 68
8 5 0 0 0 1 68
9 5 0 0 0 1 68
10 5 0 0 0 1 68
9 6 0 0 0 1 68
7 6 0 0 0 1 68
6 6 0 0 0 1 68
4 6 0 0 0 1 68
2 6 0 0 0 1 68
1 6 0 0 0 1 68
3 7 0 0 0 1 68
4 7 0 0 0 1 68
5 7 0 0 0 1 68
6 7 0 0 0 1 68
8 7 0 0 0 1 68
9 7 0 0 0 1 68
10 7 0 0 0 1 68
0 1 0 0 0 1 68
0 3 0 0 0 1 68
0 4 0 0 0 1 68
1 0 0 0 0 1 68
2 0 0 0 0 1 68
4 0 0 0 0 1 68
5 0 0 0 0 1 68
4 1 0 0 0 1 68
3 1 0 0 0 1 68
2 1 0 0 0 1 68
7 0 0 0 0 1 68
8 0 0 0 0 1 68
9 0 0 0 0 1 68
11 0 0 0 0 1 68
11 6 0 0 0 1 68
11 7 0 0 0 1 68
1 7 0 0 0 1 68
2 7 0 0 0 1 68
0 6 0 0 0 1 68
3 0 0 0 0 1 62
1 1 0 0 0 1 62
0 0 0 0 0 1 62
0 5 0 0 0 1 62
3 6 2 0 0 1 62
5 5 2 0 0 1 62
10 6 0 0 0 1 62
11 5 0 0 0 1 62
10 0 0 0 0 1 60
5 1 0 0 0 1 60
0 2 0 0 0 1 60
1 5 0 0 0 1 60
5 6 0 0 0 1 60
8 6 0 0 0 1 60
7 7 0 0 0 1 60
0 7 0 0 0 1 60
7 1 0 0 0 1 60
