9 -6 2 0 0 0 tile-1
9 -7 2 0 0 0 tile-1
8 -9 3 0 0 0 tile-3_0
8 -8 3 0 0 0 tile-3_1
9 -9 3 0 0 0 tile-3_2
9 -8 3 0 0 0 tile-3_3
7 -9 3 1 0 0 tile-5_0
7 -8 3 1 0 0 tile-5_1
6 -9 3 1 0 0 tile-5_2
6 -8 3 1 0 0 tile-5_3
3 -8 3 1 0 0 tile-4_0
3 -7 3 1 0 0 tile-4_1
2 -8 3 1 0 0 tile-4_2
2 -7 3 1 0 0 tile-4_3
2 -6 3 1 0 0 tile-4_4
1 -8 3 1 0 0 tile-4_5
1 -7 3 1 0 0 tile-4_6
1 -6 3 1 0 0 tile-4_7
1 -5 2 1 0 0 tile-3_0
2 -5 2 1 0 0 tile-3_1
1 -4 2 1 0 0 tile-3_2
2 -4 2 1 0 0 tile-3_3
5 -5 3 1 0 0 tile-10_0
5 -4 3 1 0 0 tile-10_1
4 -5 3 1 0 0 tile-10_2
4 -4 3 1 0 0 tile-10_3
3 -5 3 1 0 0 tile-10_4
3 -4 3 1 0 0 tile-10_5
7 -5 3 1 0 0 tile-12_0
7 -4 3 1 0 0 tile-12_1
6 -5 3 1 0 0 tile-12_2
6 -4 3 1 0 0 tile-12_3
7 -2 0 1 0 0 tile-12_0
6 -2 0 1 0 0 tile-12_1
7 -3 0 1 0 0 tile-12_2
6 -3 0 1 0 0 tile-12_3
5 -3 3 1 0 0 tile-11_0
5 -2 3 1 0 0 tile-11_1
4 -3 3 1 0 0 tile-11_2
4 -2 3 1 0 0 tile-11_3
2 -3 2 1 0 0 tile-12_0
3 -3 2 1 0 0 tile-12_1
2 -2 2 1 0 0 tile-12_2
3 -2 2 1 0 0 tile-12_3
2 0 1 1 0 0 tile-12_0
2 -1 1 1 0 0 tile-12_1
3 0 1 1 0 0 tile-12_2
3 -1 1 1 0 0 tile-12_3
4 0 1 1 0 0 tile-10_0
4 -1 1 1 0 0 tile-10_1
5 0 1 1 0 0 tile-10_2
5 -1 1 1 0 0 tile-10_3
6 0 1 1 0 0 tile-10_4
6 -1 1 1 0 0 tile-10_5
8 -1 1 1 0 0 tile-3_0
8 -2 1 1 0 0 tile-3_1
9 -1 1 1 0 0 tile-3_2
9 -2 1 1 0 0 tile-3_3
9 -3 0 1 0 0 tile-1
5 -3 0 1 0 1 tile-60
4 -3 0 1 0 1 tile-60
3 -3 0 1 0 1 tile-60
2 -3 0 1 0 1 tile-60
4 -1 0 1 0 1 tile-60
5 -1 0 1 0 1 tile-60
7 -1 0 1 0 1 tile-60
6 -2 2 1 0 1 tile-60
7 -2 2 1 0 1 tile-60
1 -3 0 1 0 1 tile-68
1 -2 0 1 0 1 tile-68
1 -1 0 1 0 1 tile-68
1 0 0 1 0 1 tile-68
0 0 0 1 0 1 tile-68
0 -1 0 1 0 1 tile-68
0 -2 0 1 0 1 tile-68
0 -4 0 1 0 1 tile-68
0 -5 0 1 0 1 tile-68
0 -6 0 1 0 1 tile-68
0 -7 0 1 0 1 tile-68
4 -6 0 1 0 1 tile-68
5 -6 0 1 0 1 tile-68
6 -6 0 1 0 1 tile-68
3 -6 0 1 0 1 tile-68
3 -5 0 1 0 1 tile-67
8 -3 0 1 0 1 tile-65
8 -4 0 1 0 1 tile-67
8 -5 0 1 0 1 tile-67
8 -6 0 1 0 1 tile-67
8 -7 0 1 0 1 tile-68
7 -7 0 1 0 1 tile-68
6 -7 0 1 0 1 tile-68
4 -7 0 1 0 2 tile-32
5 -7 0 1 0 2 tile-30
4 -8 0 1 0 2 tile-35
4 -9 0 1 0 2 tile-35
4 -10 0 1 0 2 tile-41
5 -8 0 1 0 2 tile-33
5 -9 0 1 0 2 tile-33
5 -11 0 1 0 2 tile-33
4 -11 0 1 0 2 tile-34
3 -11 0 1 0 2 tile-34
2 -11 0 1 0 2 tile-34
1 -11 0 1 0 2 tile-35
1 -10 0 1 0 2 tile-32
2 -10 0 1 0 2 tile-31
3 -10 0 1 0 2 tile-31
5 -8 0 1 0 0 tile-8_0
4 -8 0 1 0 0 tile-8_1
10 -10 0 1 0 1 tile-69
11 -8 0 1 0 1 tile-69
10 -7 0 1 0 1 tile-69
11 -5 0 1 0 1 tile-69
10 -4 0 1 0 1 tile-69
11 -4 0 1 0 1 tile-69
11 -6 0 1 0 1 tile-69
10 -6 0 1 0 1 tile-62
10 -5 0 1 0 1 tile-62
11 -7 0 1 0 1 tile-62
10 -9 0 1 0 1 tile-62
9 -10 2 1 0 1 tile-62
8 -10 2 1 0 1 tile-62
7 -10 2 1 0 1 tile-62
6 -10 2 1 0 1 tile-62
5 -10 2 1 0 1 tile-62
3 -9 2 1 0 1 tile-62
2 -9 2 1 0 1 tile-62
1 -9 2 1 0 1 tile-62
0 -9 2 1 0 1 tile-62
0 -8 2 1 0 1 tile-64
1 -8 2 1 0 1 tile-64
6 0 0 1 0 1 tile-64
7 0 0 1 0 1 tile-68
8 0 0 1 0 1 tile-68
9 0 0 1 0 1 tile-68
10 0 0 1 0 1 tile-68
10 -1 0 1 0 1 tile-68
11 -1 0 1 0 1 tile-68
10 -2 0 1 0 1 tile-68
9 -4 1 0 0 0 tile-13_0
9 -5 1 0 0 0 tile-13_1
9 -4 1 0 0 3 tile-14

===
9 4 1 0 0 0 99
9 6 2 0 0 0 1
9 7 2 0 0 0 1
8 8 3 0 0 0 3
6 8 1 1 0 0 5
1 6 1 1 0 0 4
1 4 2 1 0 0 3
3 4 1 1 0 0 10
6 4 1 1 0 0 12
6 2 0 1 0 0 12
4 2 1 1 0 0 11
2 2 2 1 0 0 12
2 0 3 1 0 0 12
4 0 3 1 0 0 10
8 1 3 1 0 0 3
9 3 0 1 0 0 1
5 3 0 1 0 1 60
4 3 0 1 0 1 60
3 3 0 1 0 1 60
2 3 0 1 0 1 60
4 1 0 1 0 1 60
5 1 0 1 0 1 60
7 1 0 1 0 1 60
6 2 2 1 0 1 60
7 2 2 1 0 1 60
1 3 0 1 0 1 68
1 2 0 1 0 1 68
1 1 0 1 0 1 68
1 0 0 1 0 1 68
0 0 0 1 0 1 68
0 1 0 1 0 1 68
0 2 0 1 0 1 68
0 4 0 1 0 1 68
0 5 0 1 0 1 68
0 6 0 1 0 1 68
0 7 0 1 0 1 68
4 6 0 1 0 1 68
5 6 0 1 0 1 68
6 6 0 1 0 1 68
3 6 0 1 0 1 68
3 5 0 1 0 1 67
8 3 0 1 0 1 65
8 4 0 1 0 1 67
8 5 0 1 0 1 67
8 6 0 1 0 1 67
8 7 0 1 0 1 68
7 7 0 1 0 1 68
6 7 0 1 0 1 68
4 7 0 1 0 2 32
5 7 0 1 0 2 30
4 8 0 1 0 2 35
4 9 0 1 0 2 35
4 10 0 1 0 2 41
5 8 0 1 0 2 33
5 9 0 1 0 2 33
5 11 0 1 0 2 33
4 11 0 1 0 2 34
3 11 0 1 0 2 34
2 11 0 1 0 2 34
1 11 0 1 0 2 35
1 10 0 1 0 2 32
2 10 0 1 0 2 31
3 10 0 1 0 2 31
4 8 0 1 0 0 8
10 10 0 1 0 1 69
11 8 0 1 0 1 69
10 7 0 1 0 1 69
11 5 0 1 0 1 69
10 4 0 1 0 1 69
11 4 0 1 0 1 69
11 6 0 1 0 1 69
10 6 0 1 0 1 62
10 5 0 1 0 1 62
11 7 0 1 0 1 62
10 9 0 1 0 1 62
9 10 2 1 0 1 62
8 10 2 1 0 1 62
7 10 2 1 0 1 62
6 10 2 1 0 1 62
5 10 2 1 0 1 62
3 9 2 1 0 1 62
2 9 2 1 0 1 62
1 9 2 1 0 1 62
0 9 2 1 0 1 62
0 8 2 1 0 1 64
1 8 2 1 0 1 64
6 0 0 1 0 1 64
7 0 0 1 0 1 68
8 0 0 1 0 1 68
9 0 0 1 0 1 68
10 0 0 1 0 1 68
10 1 0 1 0 1 68
11 1 0 1 0 1 68
10 2 0 1 0 1 68
