3 -6 0 0 0 0 tile-4_0
4 -6 0 0 0 0 tile-4_1
3 -7 0 0 0 0 tile-4_2
4 -7 0 0 0 0 tile-4_3
5 -7 0 0 0 0 tile-4_4
3 -8 0 0 0 0 tile-4_5
4 -8 0 0 0 0 tile-4_6
5 -8 0 0 0 0 tile-4_7
6 -5 0 0 0 2 tile-32
5 -5 0 0 0 2 tile-30
5 -6 0 0 0 2 tile-36
6 -6 0 0 0 2 tile-38
6 -7 0 0 0 1 tile-62
5 -9 2 0 0 1 tile-60
6 -9 2 0 0 1 tile-60
7 -6 0 0 0 1 tile-68
4 -6 0 0 0 1 tile-68
2 -4 0 0 0 1 tile-66
2 -5 0 0 0 1 tile-66
2 -6 0 0 0 1 tile-66
2 -7 0 0 0 1 tile-68
3 -8 0 0 0 1 tile-68
4 -9 0 0 0 1 tile-68
2 -9 0 0 0 1 tile-68
3 -9 0 0 0 1 tile-68
2 -8 0 0 0 1 tile-68
8 -9 0 0 0 1 tile-68
8 -2 0 0 0 1 tile-68
9 -1 0 0 0 1 tile-68
3 -1 0 0 0 1 tile-68
4 -2 0 0 0 1 tile-68
2 -3 0 0 0 1 tile-68
3 -2 0 0 0 1 tile-63
9 -2 2 0 0 1 tile-63
10 -5 2 0 0 1 tile-63
11 -6 2 0 0 1 tile-63
1 -5 3 0 0 1 tile-63
1 -6 0 0 0 1 tile-63
1 -8 0 0 0 1 tile-63
8 -3 1 0 0 1 tile-63
4 -7 3 0 0 1 tile-63
4 -4 1 0 0 0 tile-3_0
4 -5 1 0 0 0 tile-3_1
3 -4 1 0 0 0 tile-3_2
3 -5 1 0 0 0 tile-3_3
5 -4 1 0 0 0 tile-1
6 -4 1 0 0 0 tile-1
9 -6 2 0 0 0 tile-4_0
8 -6 2 0 0 0 tile-4_1
9 -5 2 0 0 0 tile-4_2
8 -5 2 0 0 0 tile-4_3
7 -5 2 0 0 0 tile-4_4
9 -4 2 0 0 0 tile-4_5
8 -4 2 0 0 0 tile-4_6
7 -4 2 0 0 0 tile-4_7
8 -8 3 0 0 0 tile-3_0
8 -7 3 0 0 0 tile-3_1
9 -8 3 0 0 0 tile-3_2
9 -7 3 0 0 0 tile-3_3
4 -3 0 0 0 1 tile-60
5 -3 0 0 0 1 tile-60
6 -3 0 0 0 1 tile-60
10 -6 0 0 0 1 tile-66
10 -7 0 0 0 1 tile-66
7 -9 3 0 0 1 tile-63
10 -9 0 0 0 1 tile-68
10 -4 0 0 0 1 tile-68
9 -10 0 0 0 1 tile-68
7 -10 0 0 0 1 tile-68
6 -10 0 0 0 1 tile-68
3 -10 0 0 0 1 tile-68
4 -10 0 0 0 1 tile-68
5 -11 0 0 0 1 tile-68
8 -11 0 0 0 1 tile-68
10 -8 0 0 0 1 tile-68
9 -8 3 0 0 1 tile-62
7 -5 2 0 0 1 tile-62
6 -5 2 0 0 1 tile-62
8 -6 0 0 0 1 tile-68
7 -7 0 0 0 1 tile-68
4 -5 0 0 0 1 tile-68
6 -1 0 0 0 1 tile-68
10 -2 0 0 0 1 tile-68
11 -11 0 0 0 1 tile-68
0 -9 0 0 0 1 tile-68
1 -2 0 0 0 1 tile-68
4 0 0 0 0 1 tile-68
6 -8 0 0 0 0 tile-13_0
7 -8 0 0 0 0 tile-13_1
6 -8 0 0 0 3 tile-14

===
3 6 0 0 0 0 4
6 5 0 0 0 2 32
5 5 0 0 0 2 30
5 6 0 0 0 2 36
6 6 0 0 0 2 38
6 7 0 0 0 1 62
5 9 2 0 0 1 60
6 9 2 0 0 1 60
7 6 0 0 0 1 68
4 6 0 0 0 1 68
2 4 0 0 0 1 66
2 5 0 0 0 1 66
2 6 0 0 0 1 66
2 7 0 0 0 1 68
3 8 0 0 0 1 68
4 9 0 0 0 1 68
2 9 0 0 0 1 68
3 9 0 0 0 1 68
2 8 0 0 0 1 68
8 9 0 0 0 1 68
8 2 0 0 0 1 68
9 1 0 0 0 1 68
3 1 0 0 0 1 68
4 2 0 0 0 1 68
2 3 0 0 0 1 68
3 2 0 0 0 1 63
9 2 2 0 0 1 63
10 5 2 0 0 1 63
11 6 2 0 0 1 63
1 5 3 0 0 1 63
1 6 0 0 0 1 63
1 8 0 0 0 1 63
8 3 1 0 0 1 63
4 7 3 0 0 1 63
6 8 0 0 0 0 99
3 4 1 0 0 0 3
5 4 1 0 0 0 1
6 4 1 0 0 0 1
7 4 2 0 0 0 4
8 7 3 0 0 0 3
4 3 0 0 0 1 60
5 3 0 0 0 1 60
6 3 0 0 0 1 60
10 6 0 0 0 1 66
10 7 0 0 0 1 66
7 9 3 0 0 1 63
10 9 0 0 0 1 68
10 4 0 0 0 1 68
9 10 0 0 0 1 68
7 10 0 0 0 1 68
6 10 0 0 0 1 68
3 10 0 0 0 1 68
4 10 0 0 0 1 68
5 11 0 0 0 1 68
8 11 0 0 0 1 68
10 8 0 0 0 1 68
9 8 3 0 0 1 62
7 5 2 0 0 1 62
6 5 2 0 0 1 62
8 6 0 0 0 1 68
7 7 0 0 0 1 68
4 5 0 0 0 1 68
6 1 0 0 0 1 68
10 2 0 0 0 1 68
11 11 0 0 0 1 68
0 9 0 0 0 1 68
1 2 0 0 0 1 68
4 0 0 0 0 1 68