4 -9 0 0 0 0 tile-4_0
5 -9 0 0 0 0 tile-4_1
4 -10 0 0 0 0 tile-4_2
5 -10 0 0 0 0 tile-4_3
6 -10 0 0 0 0 tile-4_4
4 -11 0 0 0 0 tile-4_5
5 -11 0 0 0 0 tile-4_6
6 -11 0 0 0 0 tile-4_7
6 -6 1 0 0 0 tile-4_0
6 -7 1 0 0 0 tile-4_1
5 -6 1 0 0 0 tile-4_2
5 -7 1 0 0 0 tile-4_3
5 -8 1 0 0 0 tile-4_4
4 -6 1 0 0 0 tile-4_5
4 -7 1 0 0 0 tile-4_6
4 -8 1 0 0 0 tile-4_7
7 -6 1 1 0 0 tile-5_0
7 -7 1 1 0 0 tile-5_1
8 -6 1 1 0 0 tile-5_2
8 -7 1 1 0 0 tile-5_3
9 -11 1 1 0 0 tile-1
10 -7 1 1 0 0 tile-1
11 -7 1 1 0 0 tile-3_0
11 -8 1 1 0 0 tile-3_1
12 -7 1 1 0 0 tile-3_2
12 -8 1 1 0 0 tile-3_3
12 -9 0 1 0 0 tile-4_0
11 -9 0 1 0 0 tile-4_1
12 -10 0 1 0 0 tile-4_2
11 -10 0 1 0 0 tile-4_3
10 -10 0 1 0 0 tile-4_4
12 -11 0 1 0 0 tile-4_5
11 -11 0 1 0 0 tile-4_6
10 -11 0 1 0 0 tile-4_7
6 -10 0 1 0 1 tile-68
8 -10 0 1 0 1 tile-68
10 -10 0 1 0 1 tile-68
9 -9 0 1 0 1 tile-68
8 -8 0 1 0 2 tile-30
7 -8 0 1 0 2 tile-31
6 -8 0 1 0 2 tile-32
6 -9 0 1 0 2 tile-38
8 -9 0 1 0 2 tile-36
7 -9 0 1 0 2 tile-37
10 -8 0 1 0 1 tile-64
9 -6 0 1 0 1 tile-62
10 -6 0 1 0 1 tile-62
11 -6 0 1 0 1 tile-62
12 -6 0 1 0 1 tile-62
9 -12 0 1 0 1 tile-68
6 -12 0 1 0 1 tile-68
7 -12 0 1 0 1 tile-68
8 -12 0 1 0 1 tile-68
9 -14 0 1 0 1 tile-68
7 -13 0 1 0 1 tile-68
4 -13 0 1 0 1 tile-68
4 -12 0 1 0 1 tile-68
4 -11 0 1 0 1 tile-68
14 -7 0 1 0 1 tile-65
13 -8 0 1 0 1 tile-66
13 -9 0 1 0 1 tile-66
13 -10 0 1 0 1 tile-68
11 -9 0 1 0 1 tile-68
13 -7 0 1 0 1 tile-68
14 -9 0 1 0 1 tile-68
12 -12 0 1 0 1 tile-68
12 -11 2 1 0 1 tile-60
11 -12 2 1 0 1 tile-60
10 -12 0 1 0 1 tile-65
3 -8 0 1 0 1 tile-65
5 -2 0 1 0 1 tile-69
8 -4 0 1 0 1 tile-69
2 -5 0 1 0 1 tile-69
4 -4 0 1 0 1 tile-69
3 -7 0 1 0 1 tile-69
6 -5 0 1 0 1 tile-62
5 -5 0 1 0 1 tile-62
6 -7 2 1 0 1 tile-62
7 -7 3 1 0 1 tile-62
5 -8 0 1 0 1 tile-68
5 -7 2 1 0 1 tile-61
5 -9 2 1 0 1 tile-61
7 -5 0 1 0 1 tile-67
3 -9 0 1 0 1 tile-67
3 -10 2 1 0 1 tile-63
5 -12 3 1 0 1 tile-63
11 -4 0 1 0 1 tile-68
13 -11 0 1 0 1 tile-68
13 -13 0 1 0 1 tile-68
10 -14 0 1 0 1 tile-68
11 -13 0 1 0 1 tile-68
7 -14 0 1 0 1 tile-68
3 -14 0 1 0 1 tile-68
2 -13 0 1 0 1 tile-68
2 -10 0 1 0 1 tile-68
0 -11 0 1 0 1 tile-68
1 -8 0 1 0 1 tile-68
15 -12 0 1 0 1 tile-68
14 -14 0 1 0 1 tile-68
5 -15 0 1 0 1 tile-68
0 -15 0 1 0 1 tile-68
11 -15 0 1 0 1 tile-68
15 -15 0 1 0 1 tile-68
12 -14 0 1 0 1 tile-62
8 -13 0 1 0 1 tile-62
5 -13 0 1 0 1 tile-62
1 -12 0 1 0 1 tile-62
2 -14 0 1 0 1 tile-62
14 -12 2 1 0 1 tile-62
15 -10 2 1 0 1 tile-62
14 -13 2 1 0 1 tile-60
12 -13 2 1 0 1 tile-60
8 -15 2 1 0 1 tile-60
4 -14 2 1 0 1 tile-60
2 -11 2 1 0 1 tile-60
0 -14 2 1 0 1 tile-60
9 -7 3 1 0 0 tile-1
7 -10 0 0 0 1 tile-68
7 -11 0 0 0 0 tile-13_0
8 -11 0 0 0 0 tile-13_1
7 -11 0 0 0 3 tile-14

===
7 11 0 0 0 0 99
4 9 0 0 0 0 4
4 6 1 0 0 0 4
7 6 3 1 0 0 5
9 11 3 1 0 0 1
10 7 3 1 0 0 1
11 7 3 1 0 0 3
10 9 0 1 0 0 4
6 10 0 1 0 1 68
8 10 0 1 0 1 68
10 10 0 1 0 1 68
9 9 0 1 0 1 68
8 8 0 1 0 2 30
7 8 0 1 0 2 31
6 8 0 1 0 2 32
6 9 0 1 0 2 38
8 9 0 1 0 2 36
7 9 0 1 0 2 37
10 8 0 1 0 1 64
9 6 0 1 0 1 62
10 6 0 1 0 1 62
11 6 0 1 0 1 62
12 6 0 1 0 1 62
9 12 0 1 0 1 68
6 12 0 1 0 1 68
7 12 0 1 0 1 68
8 12 0 1 0 1 68
9 14 0 1 0 1 68
7 13 0 1 0 1 68
4 13 0 1 0 1 68
4 12 0 1 0 1 68
4 11 0 1 0 1 68
14 7 0 1 0 1 65
13 8 0 1 0 1 66
13 9 0 1 0 1 66
13 10 0 1 0 1 68
11 9 0 1 0 1 68
13 7 0 1 0 1 68
14 9 0 1 0 1 68
12 12 0 1 0 1 68
12 11 2 1 0 1 60
11 12 2 1 0 1 60
10 12 0 1 0 1 65
3 8 0 1 0 1 65
5 2 0 1 0 1 69
8 4 0 1 0 1 69
2 5 0 1 0 1 69
4 4 0 1 0 1 69
3 7 0 1 0 1 69
6 5 0 1 0 1 62
5 5 0 1 0 1 62
6 7 2 1 0 1 62
7 7 1 1 0 1 62
5 8 0 1 0 1 68
5 7 2 1 0 1 61
5 9 2 1 0 1 61
7 5 0 1 0 1 67
3 9 0 1 0 1 67
3 10 2 1 0 1 63
5 12 1 1 0 1 63
11 4 0 1 0 1 68
13 11 0 1 0 1 68
13 13 0 1 0 1 68
10 14 0 1 0 1 68
11 13 0 1 0 1 68
7 14 0 1 0 1 68
3 14 0 1 0 1 68
2 13 0 1 0 1 68
2 10 0 1 0 1 68
0 11 0 1 0 1 68
1 8 0 1 0 1 68
15 12 0 1 0 1 68
14 14 0 1 0 1 68
5 15 0 1 0 1 68
0 15 0 1 0 1 68
11 15 0 1 0 1 68
15 15 0 1 0 1 68
12 14 0 1 0 1 62
8 13 0 1 0 1 62
5 13 0 1 0 1 62
1 12 0 1 0 1 62
2 14 0 1 0 1 62
14 12 2 1 0 1 62
15 10 2 1 0 1 62
14 13 2 1 0 1 60
12 13 2 1 0 1 60
8 15 2 1 0 1 60
4 14 2 1 0 1 60
2 11 2 1 0 1 60
0 14 2 1 0 1 60
9 7 1 1 0 0 1
7 10 0 0 0 1 68