13 -17 0 1 0 0 tile-3_0
12 -17 0 1 0 0 tile-3_1
13 -18 0 1 0 0 tile-3_2
12 -18 0 1 0 0 tile-3_3
13 -14 0 1 0 0 tile-9_0
12 -14 0 1 0 0 tile-9_1
13 -15 0 1 0 0 tile-9_2
12 -15 0 1 0 0 tile-9_3
13 -16 0 1 0 0 tile-9_4
12 -16 0 1 0 0 tile-9_5
12 -13 2 0 0 0 tile-5_0
11 -13 2 0 0 0 tile-5_1
12 -12 2 0 0 0 tile-5_2
11 -12 2 0 0 0 tile-5_3
13 -13 2 1 0 0 tile-3_0
14 -13 2 1 0 0 tile-3_1
13 -12 2 1 0 0 tile-3_2
14 -12 2 1 0 0 tile-3_3
15 -11 1 1 0 0 tile-9_0
15 -12 1 1 0 0 tile-9_1
16 -11 1 1 0 0 tile-9_2
16 -12 1 1 0 0 tile-9_3
17 -11 1 1 0 0 tile-9_4
17 -12 1 1 0 0 tile-9_5
19 -10 0 1 0 0 tile-3_0
18 -10 0 1 0 0 tile-3_1
19 -11 0 1 0 0 tile-3_2
18 -11 0 1 0 0 tile-3_3
19 -9 2 0 0 0 tile-5_0
18 -9 2 0 0 0 tile-5_1
19 -8 2 0 0 0 tile-5_2
18 -8 2 0 0 0 tile-5_3
18 -7 2 0 0 0 tile-3_0
17 -7 2 0 0 0 tile-3_1
18 -6 2 0 0 0 tile-3_2
17 -6 2 0 0 0 tile-3_3
13 -10 0 0 0 0 tile-3_0
14 -10 0 0 0 0 tile-3_1
13 -11 0 0 0 0 tile-3_2
14 -11 0 0 0 0 tile-3_3
13 -9 2 1 0 0 tile-5_0
14 -9 2 1 0 0 tile-5_1
13 -8 2 1 0 0 tile-5_2
14 -8 2 1 0 0 tile-5_3
14 -6 1 1 0 0 tile-8_0
14 -7 1 1 0 0 tile-8_1
14 -5 2 1 0 0 tile-9_0
15 -5 2 1 0 0 tile-9_1
14 -4 2 1 0 0 tile-9_2
15 -4 2 1 0 0 tile-9_3
14 -3 2 1 0 0 tile-9_4
15 -3 2 1 0 0 tile-9_5
15 -6 3 1 0 0 tile-2
16 -6 3 1 0 0 tile-1
13 -1 1 1 0 0 tile-3_0
13 -2 1 1 0 0 tile-3_1
14 -1 1 1 0 0 tile-3_2
14 -2 1 1 0 0 tile-3_3
11 -10 1 1 0 0 tile-8_0
11 -11 1 1 0 0 tile-8_1
9 -8 0 0 0 0 tile-6_0
10 -8 0 0 0 0 tile-6_1
11 -8 0 0 0 0 tile-6_2
9 -9 0 0 0 0 tile-6_3
10 -9 0 0 0 0 tile-6_4
11 -9 0 0 0 0 tile-6_5
12 -5 0 1 0 0 tile-7_0
11 -5 0 1 0 0 tile-7_1
10 -5 0 1 0 0 tile-7_2
9 -5 0 1 0 0 tile-7_3
12 -6 0 1 0 0 tile-7_4
11 -6 0 1 0 0 tile-7_5
10 -6 0 1 0 0 tile-7_6
9 -6 0 1 0 0 tile-7_7
12 -7 0 1 0 0 tile-7_8
11 -7 0 1 0 0 tile-7_9
10 -7 0 1 0 0 tile-7_10
9 -7 0 1 0 0 tile-7_11
11 -2 3 1 0 0 tile-9_0
11 -1 3 1 0 0 tile-9_1
10 -2 3 1 0 0 tile-9_2
10 -1 3 1 0 0 tile-9_3
9 -2 3 1 0 0 tile-9_4
9 -1 3 1 0 0 tile-9_5
6 -2 1 1 0 0 tile-9_0
6 -3 1 1 0 0 tile-9_1
7 -2 1 1 0 0 tile-9_2
7 -3 1 1 0 0 tile-9_3
8 -2 1 1 0 0 tile-9_4
8 -3 1 1 0 0 tile-9_5
12 -4 0 1 0 0 tile-1
12 -3 0 1 0 0 tile-1
12 -2 1 1 0 0 tile-2
12 -1 1 1 0 0 tile-1
5 -3 2 1 0 0 tile-2
4 -6 2 1 0 0 tile-10_0
5 -6 2 1 0 0 tile-10_1
4 -5 2 1 0 0 tile-10_2
5 -5 2 1 0 0 tile-10_3
4 -4 2 1 0 0 tile-10_4
5 -4 2 1 0 0 tile-10_5
3 -3 2 1 0 0 tile-3_0
4 -3 2 1 0 0 tile-3_1
3 -2 2 1 0 0 tile-3_2
4 -2 2 1 0 0 tile-3_3
5 -2 1 1 0 0 tile-1
3 -6 2 0 0 0 tile-9_0
2 -6 2 0 0 0 tile-9_1
3 -5 2 0 0 0 tile-9_2
2 -5 2 0 0 0 tile-9_3
3 -4 2 0 0 0 tile-9_4
2 -4 2 0 0 0 tile-9_5
5 -8 2 0 0 0 tile-11_0
4 -8 2 0 0 0 tile-11_1
5 -7 2 0 0 0 tile-11_2
4 -7 2 0 0 0 tile-11_3
5 -9 0 1 0 0 tile-10_0
4 -9 0 1 0 0 tile-10_1
5 -10 0 1 0 0 tile-10_2
4 -10 0 1 0 0 tile-10_3
5 -11 0 1 0 0 tile-10_4
4 -11 0 1 0 0 tile-10_5
6 -13 2 0 0 0 tile-6_0
5 -13 2 0 0 0 tile-6_1
4 -13 2 0 0 0 tile-6_2
6 -12 2 0 0 0 tile-6_3
5 -12 2 0 0 0 tile-6_4
4 -12 2 0 0 0 tile-6_5
3 -7 2 0 0 0 tile-1
3 -8 2 0 0 0 tile-1
2 -7 2 0 0 0 tile-1
3 -10 3 0 0 0 tile-8_0
3 -9 3 0 0 0 tile-8_1
2 -8 0 0 0 0 tile-1
2 -9 0 0 0 0 tile-1
2 -10 0 0 0 0 tile-1
3 -11 1 0 0 0 tile-8_0
3 -12 1 0 0 0 tile-8_1
2 -11 2 0 0 0 tile-1
2 -12 2 0 0 0 tile-1
3 -13 2 0 0 0 tile-1
3 -14 0 0 0 0 tile-3_0
4 -14 0 0 0 0 tile-3_1
3 -15 0 0 0 0 tile-3_2
4 -15 0 0 0 0 tile-3_3
5 -15 2 0 0 0 tile-2
6 -14 0 0 0 0 tile-1
6 -15 0 0 0 0 tile-1
2 -13 0 0 0 0 tile-1
2 -14 0 0 0 0 tile-1
2 -15 0 0 0 0 tile-1
2 -16 0 0 0 0 tile-5_0
3 -16 0 0 0 0 tile-5_1
2 -17 0 0 0 0 tile-5_2
3 -17 0 0 0 0 tile-5_3
3 -18 0 0 0 0 tile-1
5 -19 0 0 0 0 tile-2
6 -19 1 1 0 0 tile-9_0
6 -20 1 1 0 0 tile-9_1
7 -19 1 1 0 0 tile-9_2
7 -20 1 1 0 0 tile-9_3
8 -19 1 1 0 0 tile-9_4
8 -20 1 1 0 0 tile-9_5
4 -20 3 1 0 0 tile-3_0
4 -19 3 1 0 0 tile-3_1
3 -20 3 1 0 0 tile-3_2
3 -19 3 1 0 0 tile-3_3
5 -20 3 1 0 0 tile-1
9 -19 0 1 0 0 tile-2
9 -18 2 1 0 0 tile-2
21 -16 0 1 0 2 tile-34
21 -17 0 1 0 2 tile-34
20 -17 0 1 0 2 tile-34
20 -18 0 1 0 2 tile-34
19 -18 0 1 0 2 tile-34
19 -17 0 1 0 2 tile-34
20 -16 0 1 0 2 tile-34
21 -18 0 1 0 2 tile-34
21 -19 0 1 0 2 tile-34
21 -20 0 1 0 2 tile-34
20 -20 0 1 0 2 tile-34
20 -19 0 1 0 2 tile-34
19 -19 0 1 0 2 tile-34
19 -20 0 1 0 2 tile-34
19 -21 0 1 0 2 tile-34
20 -21 0 1 0 2 tile-34
21 -21 0 1 0 2 tile-34
22 -20 0 1 0 2 tile-34
22 -19 0 1 0 2 tile-34
22 -18 0 1 0 2 tile-34
22 -17 0 1 0 2 tile-34
23 -17 0 1 0 2 tile-33
23 -18 0 1 0 2 tile-33
23 -19 0 1 0 2 tile-33
23 -20 0 1 0 2 tile-33
19 -15 0 1 0 2 tile-32
18 -16 0 1 0 2 tile-32
20 -15 0 1 0 2 tile-31
21 -15 0 1 0 2 tile-31
19 -16 0 1 0 2 tile-41
22 -15 0 1 0 2 tile-30
22 -16 0 1 0 2 tile-42
23 -16 0 1 0 2 tile-30
19 -22 0 1 0 2 tile-34
18 -22 0 1 0 2 tile-34
17 -22 0 1 0 2 tile-34
17 -21 0 1 0 2 tile-34
18 -21 0 1 0 2 tile-34
17 -20 0 1 0 2 tile-31
21 -22 0 1 0 2 tile-37
19 -23 0 1 0 2 tile-37
18 -23 0 1 0 2 tile-37
17 -23 0 1 0 2 tile-37
16 -21 0 1 0 2 tile-35
16 -22 0 1 0 2 tile-35
18 -17 0 1 0 2 tile-35
18 -18 0 1 0 2 tile-35
18 -19 0 1 0 2 tile-35
22 -21 0 1 0 2 tile-40
22 -22 0 1 0 2 tile-36
20 -23 0 1 0 2 tile-36
23 -21 0 1 0 2 tile-36
20 -22 0 1 0 2 tile-40
16 -23 0 1 0 2 tile-38
16 -20 0 1 0 2 tile-32
18 -20 0 1 0 2 tile-41
16 -9 0 1 0 1 tile-68
16 -8 0 1 0 1 tile-68
15 -8 0 1 0 1 tile-68
15 -7 0 1 0 1 tile-68
16 -7 0 1 0 1 tile-68
17 -8 0 1 0 1 tile-68
17 -9 0 1 0 1 tile-68
17 -7 0 1 0 1 tile-68
15 -9 0 1 0 1 tile-68
15 -10 0 1 0 1 tile-68
16 -10 0 1 0 1 tile-68
17 -10 0 1 0 1 tile-68
10 -16 0 1 0 1 tile-68
9 -16 0 1 0 1 tile-68
8 -15 0 1 0 1 tile-68
9 -15 0 1 0 1 tile-68
10 -15 0 1 0 1 tile-68
8 -16 0 1 0 1 tile-68
8 -14 0 1 0 1 tile-68
9 -14 0 1 0 1 tile-68
10 -14 0 1 0 1 tile-68
8 -13 0 1 0 1 tile-68
9 -12 0 1 0 1 tile-68
10 -12 0 1 0 1 tile-68
10 -13 0 1 0 1 tile-68
9 -13 0 1 0 1 tile-68
8 -12 0 1 0 1 tile-68
8 -11 0 1 0 1 tile-68
9 -11 0 1 0 1 tile-68
7 -11 0 1 0 1 tile-68
7 -10 0 1 0 1 tile-68
7 -9 0 1 0 1 tile-68
8 -10 0 1 0 1 tile-68
9 -10 0 1 0 1 tile-68
7 -8 0 1 0 1 tile-68
7 -7 0 1 0 1 tile-68
7 -6 0 1 0 1 tile-68
7 -5 0 1 0 1 tile-68
8 -5 0 1 0 1 tile-68
8 -6 0 1 0 1 tile-68
8 -7 0 1 0 1 tile-68
8 -8 0 1 0 1 tile-68
8 -9 0 1 0 1 tile-68
7 -4 0 1 0 1 tile-68
8 -4 0 1 0 1 tile-68
9 -4 0 1 0 1 tile-68
9 -3 0 1 0 1 tile-68
10 -3 0 1 0 1 tile-68
11 -3 0 1 0 1 tile-68
11 -4 0 1 0 1 tile-68
10 -4 0 1 0 1 tile-68
20 -3 0 1 0 1 tile-68
19 -3 0 1 0 1 tile-68
18 -2 0 1 0 1 tile-68
17 -2 0 1 0 1 tile-68
17 -1 0 1 0 1 tile-68
17 0 0 1 0 1 tile-68
18 0 0 1 0 1 tile-68
19 0 0 1 0 1 tile-68
20 -1 0 1 0 1 tile-68
21 -2 0 1 0 1 tile-68
20 -2 0 1 0 1 tile-68
18 -3 0 1 0 1 tile-68
17 -3 0 1 0 1 tile-68
16 -2 0 1 0 1 tile-68
16 -1 0 1 0 1 tile-68
20 0 0 1 0 1 tile-68
21 0 0 1 0 1 tile-68
22 -1 0 1 0 1 tile-68
22 -2 0 1 0 1 tile-68
21 -3 0 1 0 1 tile-68
21 -1 0 1 0 1 tile-68
22 -3 0 1 0 1 tile-68
18 -1 0 1 0 1 tile-68
19 -1 0 1 0 1 tile-68
19 -2 0 1 0 1 tile-68
21 -4 0 1 0 1 tile-68
20 -4 0 1 0 1 tile-68
19 -4 0 1 0 1 tile-68
18 -4 0 1 0 1 tile-68
17 -4 0 1 0 1 tile-68
16 -4 0 1 0 1 tile-68
16 -3 0 1 0 1 tile-68
22 -4 0 1 0 1 tile-68
22 -5 0 1 0 1 tile-68
21 -5 0 1 0 1 tile-68
23 -4 0 1 0 1 tile-68
23 -5 0 1 0 1 tile-68
13 -3 0 1 0 1 tile-68
13 -4 0 1 0 1 tile-68
13 -5 0 1 0 1 tile-68
13 -6 0 1 0 1 tile-68
13 -7 0 1 0 1 tile-68
20 -13 0 1 0 1 tile-68
19 -13 0 1 0 1 tile-68
18 -13 0 1 0 1 tile-68
18 -14 0 1 0 1 tile-68
17 -14 0 1 0 1 tile-68
17 -15 0 1 0 1 tile-68
16 -15 0 1 0 1 tile-68
16 -14 0 1 0 1 tile-68
16 -13 0 1 0 1 tile-68
17 -13 0 1 0 1 tile-68
16 -16 0 1 0 1 tile-68
15 -16 0 1 0 1 tile-68
15 -17 0 1 0 1 tile-68
15 -15 0 1 0 1 tile-68
17 -16 0 1 0 1 tile-68
17 -17 0 1 0 1 tile-68
16 -17 0 1 0 1 tile-68
16 -18 0 1 0 1 tile-68
15 -18 0 1 0 1 tile-68
15 -19 0 1 0 1 tile-68
14 -21 0 1 0 1 tile-68
13 -22 0 1 0 1 tile-68
13 -21 0 1 0 1 tile-68
12 -21 0 1 0 1 tile-68
12 -20 0 1 0 1 tile-68
13 -19 0 1 0 1 tile-68
13 -20 0 1 0 1 tile-68
14 -20 0 1 0 1 tile-68
14 -22 0 1 0 1 tile-68
12 -22 0 1 0 1 tile-68
11 -22 0 1 0 1 tile-68
10 -22 0 1 0 1 tile-68
10 -21 0 1 0 1 tile-68
9 -21 0 1 0 1 tile-68
11 -21 0 1 0 1 tile-68
11 -23 0 1 0 1 tile-68
10 -23 0 1 0 1 tile-68
9 -23 0 1 0 1 tile-68
9 -22 0 1 0 1 tile-68
3 -23 0 1 0 1 tile-68
2 -22 0 1 0 1 tile-68
2 -21 0 1 0 1 tile-68
3 -21 0 1 0 1 tile-68
3 -22 0 1 0 1 tile-68
2 -23 0 1 0 1 tile-68
1 -23 0 1 0 1 tile-68
0 -22 0 1 0 1 tile-68
0 -21 0 1 0 1 tile-68
1 -21 0 1 0 1 tile-68
1 -22 0 1 0 1 tile-68
0 -20 0 1 0 1 tile-68
1 -20 0 1 0 1 tile-68
1 -19 0 1 0 1 tile-68
0 -19 0 1 0 1 tile-68
0 -18 0 1 0 1 tile-68
0 -16 0 1 0 1 tile-68
0 -17 0 1 0 1 tile-68
1 -16 0 1 0 1 tile-68
1 -15 0 1 0 1 tile-68
1 -14 0 1 0 1 tile-68
1 -13 0 1 0 1 tile-68
1 -11 0 1 0 1 tile-68
0 -10 0 1 0 1 tile-68
0 -9 0 1 0 1 tile-68
0 -8 0 1 0 1 tile-68
0 -7 0 1 0 1 tile-68
0 -6 0 1 0 1 tile-68
0 -4 0 1 0 1 tile-68
0 -5 0 1 0 1 tile-68
20 -5 0 1 0 1 tile-62
19 -5 0 1 0 1 tile-62
16 -5 0 1 0 1 tile-62
17 -5 0 1 0 1 tile-62
18 -5 0 1 0 1 tile-62
12 -8 0 1 0 1 tile-65
12 -9 0 1 0 1 tile-65
12 -10 0 1 0 1 tile-65
12 -11 0 1 0 1 tile-65
12 -12 2 1 0 1 tile-62
13 -11 3 1 0 1 tile-62
13 -12 3 1 0 1 tile-62
14 -14 3 1 0 1 tile-62
15 -13 2 1 0 1 tile-62
11 -1 0 1 0 1 tile-62
12 -1 0 1 0 1 tile-60
13 -2 3 1 0 1 tile-60
8 -3 3 1 0 1 tile-61
6 -4 3 1 0 1 tile-61
4 -5 0 1 0 1 tile-61
4 -6 0 1 0 1 tile-61
4 -7 0 1 0 1 tile-61
4 -8 0 1 0 1 tile-61
4 -9 0 1 0 1 tile-61
4 -10 0 1 0 1 tile-61
4 -11 0 1 0 1 tile-61
4 -12 0 1 0 1 tile-61
4 -13 0 1 0 1 tile-61
4 -14 3 1 0 1 tile-61
5 -14 3 1 0 1 tile-61
2 -6 2 1 0 1 tile-61
2 -7 2 1 0 1 tile-61
3 -8 0 1 0 1 tile-61
3 -9 3 1 0 1 tile-62
3 -10 3 1 0 1 tile-62
3 -11 3 1 0 1 tile-62
3 -12 3 1 0 1 tile-62
3 -13 3 1 0 1 tile-62
3 -14 3 1 0 1 tile-62
3 -15 3 1 0 1 tile-62
4 -16 3 1 0 1 tile-65
4 -17 3 1 0 1 tile-65
4 -18 0 1 0 1 tile-64
6 -18 0 1 0 1 tile-64
7 -18 0 1 0 1 tile-64
8 -18 0 1 0 1 tile-64
7 -17 0 1 0 1 tile-69
9 -17 0 1 0 1 tile-69
10 -17 0 1 0 1 tile-69
11 -16 0 1 0 1 tile-69
22 -7 0 1 0 1 tile-69
21 -8 0 1 0 1 tile-69
20 -8 0 1 0 1 tile-69
20 -9 0 1 0 1 tile-69
20 -10 0 1 0 1 tile-69
21 -11 0 1 0 1 tile-69
22 -12 0 1 0 1 tile-69
22 -13 0 1 0 1 tile-69
22 -11 0 1 0 1 tile-69
22 -9 0 1 0 1 tile-69
23 -11 0 1 0 1 tile-69
20 -6 0 1 0 1 tile-69
2 0 0 1 0 1 tile-69
6 0 0 1 0 1 tile-69
9 0 0 1 0 1 tile-69
4 -1 0 1 0 1 tile-69
7 -1 0 1 0 1 tile-69
0 -2 0 1 0 1 tile-69
1 -2 0 1 0 1 tile-69
0 0 0 1 0 1 tile-69
5 -1 0 1 0 1 tile-66
6 -1 0 1 0 1 tile-66
6 -5 0 1 0 1 tile-66
6 -6 0 1 0 1 tile-66
6 -7 0 1 0 1 tile-66
6 -8 0 1 0 1 tile-66
6 -9 0 1 0 1 tile-66
6 -10 0 1 0 1 tile-66
6 -11 0 1 0 1 tile-66
5 -11 0 1 0 1 tile-64
7 -12 0 1 0 1 tile-67
7 -13 0 1 0 1 tile-67
7 -14 0 1 0 1 tile-67
7 -15 0 1 0 1 tile-67
7 -16 0 1 0 1 tile-67
10 -10 2 1 0 1 tile-61
10 -11 2 1 0 1 tile-61
10 -6 0 1 0 1 tile-61
10 -7 0 1 0 1 tile-61
10 -8 3 1 0 1 tile-61
11 -8 3 1 0 1 tile-61
11 -5 2 1 0 1 tile-61
11 -6 2 1 0 1 tile-61
15 -5 0 1 0 1 tile-61
15 -6 0 1 0 1 tile-61
4 -4 0 1 0 1 tile-64
4 -3 0 1 0 1 tile-64
4 -21 3 1 0 1 tile-63
5 -21 3 1 0 1 tile-63
6 -21 3 1 0 1 tile-63
7 -21 3 1 0 1 tile-63
5 -22 3 1 0 1 tile-64
7 -23 3 1 0 1 tile-64
8 -22 3 1 0 1 tile-64
6 -22 0 1 0 1 tile-60
4 -23 0 1 0 1 tile-60
2 -18 0 1 0 1 tile-60
1 -17 0 1 0 1 tile-60
17 -19 0 1 0 1 tile-60
11 -20 0 1 0 1 tile-60
10 -19 0 1 0 1 tile-60
11 -19 0 1 0 1 tile-60
1 -4 0 1 0 1 tile-62
2 -3 0 1 0 1 tile-62
1 -8 0 1 0 1 tile-62
0 -12 0 1 0 1 tile-62
0 -15 0 1 0 1 tile-62
1 -12 0 1 0 1 tile-62
1 -10 0 1 0 1 tile-60
0 -14 0 1 0 1 tile-60
1 -6 0 1 0 1 tile-60
1 -3 0 1 0 1 tile-60
5 -16 2 1 0 1 tile-61
6 -16 0 1 0 1 tile-61
11 -18 0 1 0 0 tile-13_0
10 -18 0 1 0 0 tile-13_1
10 -18 0 1 0 3 tile-14

===
10 18 0 1 0 0 99
12 17 0 1 0 0 3
12 14 0 1 0 0 9
11 12 2 0 0 0 5
13 12 2 1 0 0 3
15 11 3 1 0 0 9
18 10 0 1 0 0 3
18 8 2 0 0 0 5
17 6 2 0 0 0 3
13 10 0 0 0 0 3
13 8 2 1 0 0 5
14 6 3 1 0 0 8
14 3 2 1 0 0 9
15 6 1 1 0 0 2
16 6 1 1 0 0 1
13 1 3 1 0 0 3
11 10 3 1 0 0 8
9 8 0 0 0 0 6
9 5 0 1 0 0 7
9 1 1 1 0 0 9
6 2 3 1 0 0 9
12 4 0 1 0 0 1
12 3 0 1 0 0 1
12 2 3 1 0 0 2
12 1 3 1 0 0 1
5 3 2 1 0 0 2
4 4 2 1 0 0 10
3 2 2 1 0 0 3
5 2 3 1 0 0 1
2 4 2 0 0 0 9
4 7 2 0 0 0 11
4 9 0 1 0 0 10
4 12 2 0 0 0 6
3 7 2 0 0 0 1
3 8 2 0 0 0 1
2 7 2 0 0 0 1
3 9 3 0 0 0 8
2 8 0 0 0 0 1
2 9 0 0 0 0 1
2 10 0 0 0 0 1
3 11 1 0 0 0 8
2 11 2 0 0 0 1
2 12 2 0 0 0 1
3 13 2 0 0 0 1
3 14 0 0 0 0 3
5 15 2 0 0 0 2
6 14 0 0 0 0 1
6 15 0 0 0 0 1
2 13 0 0 0 0 1
2 14 0 0 0 0 1
2 15 0 0 0 0 1
2 16 0 0 0 0 5
3 18 0 0 0 0 1
5 19 0 0 0 0 2
6 19 3 1 0 0 9
3 19 1 1 0 0 3
5 20 1 1 0 0 1
9 19 0 1 0 0 2
9 18 2 1 0 0 2
21 16 0 1 0 2 34
21 17 0 1 0 2 34
20 17 0 1 0 2 34
20 18 0 1 0 2 34
19 18 0 1 0 2 34
19 17 0 1 0 2 34
20 16 0 1 0 2 34
21 18 0 1 0 2 34
21 19 0 1 0 2 34
21 20 0 1 0 2 34
20 20 0 1 0 2 34
20 19 0 1 0 2 34
19 19 0 1 0 2 34
19 20 0 1 0 2 34
19 21 0 1 0 2 34
20 21 0 1 0 2 34
21 21 0 1 0 2 34
22 20 0 1 0 2 34
22 19 0 1 0 2 34
22 18 0 1 0 2 34
22 17 0 1 0 2 34
23 17 0 1 0 2 33
23 18 0 1 0 2 33
23 19 0 1 0 2 33
23 20 0 1 0 2 33
19 15 0 1 0 2 32
18 16 0 1 0 2 32
20 15 0 1 0 2 31
21 15 0 1 0 2 31
19 16 0 1 0 2 41
22 15 0 1 0 2 30
22 16 0 1 0 2 42
23 16 0 1 0 2 30
19 22 0 1 0 2 34
18 22 0 1 0 2 34
17 22 0 1 0 2 34
17 21 0 1 0 2 34
18 21 0 1 0 2 34
17 20 0 1 0 2 31
21 22 0 1 0 2 37
19 23 0 1 0 2 37
18 23 0 1 0 2 37
17 23 0 1 0 2 37
16 21 0 1 0 2 35
16 22 0 1 0 2 35
18 17 0 1 0 2 35
18 18 0 1 0 2 35
18 19 0 1 0 2 35
22 21 0 1 0 2 40
22 22 0 1 0 2 36
20 23 0 1 0 2 36
23 21 0 1 0 2 36
20 22 0 1 0 2 40
16 23 0 1 0 2 38
16 20 0 1 0 2 32
18 20 0 1 0 2 41
16 9 0 1 0 1 68
16 8 0 1 0 1 68
15 8 0 1 0 1 68
15 7 0 1 0 1 68
16 7 0 1 0 1 68
17 8 0 1 0 1 68
17 9 0 1 0 1 68
17 7 0 1 0 1 68
15 9 0 1 0 1 68
15 10 0 1 0 1 68
16 10 0 1 0 1 68
17 10 0 1 0 1 68
10 16 0 1 0 1 68
9 16 0 1 0 1 68
8 15 0 1 0 1 68
9 15 0 1 0 1 68
10 15 0 1 0 1 68
8 16 0 1 0 1 68
8 14 0 1 0 1 68
9 14 0 1 0 1 68
10 14 0 1 0 1 68
8 13 0 1 0 1 68
9 12 0 1 0 1 68
10 12 0 1 0 1 68
10 13 0 1 0 1 68
9 13 0 1 0 1 68
8 12 0 1 0 1 68
8 11 0 1 0 1 68
9 11 0 1 0 1 68
7 11 0 1 0 1 68
7 10 0 1 0 1 68
7 9 0 1 0 1 68
8 10 0 1 0 1 68
9 10 0 1 0 1 68
7 8 0 1 0 1 68
7 7 0 1 0 1 68
7 6 0 1 0 1 68
7 5 0 1 0 1 68
8 5 0 1 0 1 68
8 6 0 1 0 1 68
8 7 0 1 0 1 68
8 8 0 1 0 1 68
8 9 0 1 0 1 68
7 4 0 1 0 1 68
8 4 0 1 0 1 68
9 4 0 1 0 1 68
9 3 0 1 0 1 68
10 3 0 1 0 1 68
11 3 0 1 0 1 68
11 4 0 1 0 1 68
10 4 0 1 0 1 68
20 3 0 1 0 1 68
19 3 0 1 0 1 68
18 2 0 1 0 1 68
17 2 0 1 0 1 68
17 1 0 1 0 1 68
17 0 0 1 0 1 68
18 0 0 1 0 1 68
19 0 0 1 0 1 68
20 1 0 1 0 1 68
21 2 0 1 0 1 68
20 2 0 1 0 1 68
18 3 0 1 0 1 68
17 3 0 1 0 1 68
16 2 0 1 0 1 68
16 1 0 1 0 1 68
20 0 0 1 0 1 68
21 0 0 1 0 1 68
22 1 0 1 0 1 68
22 2 0 1 0 1 68
21 3 0 1 0 1 68
21 1 0 1 0 1 68
22 3 0 1 0 1 68
18 1 0 1 0 1 68
19 1 0 1 0 1 68
19 2 0 1 0 1 68
21 4 0 1 0 1 68
20 4 0 1 0 1 68
19 4 0 1 0 1 68
18 4 0 1 0 1 68
17 4 0 1 0 1 68
16 4 0 1 0 1 68
16 3 0 1 0 1 68
22 4 0 1 0 1 68
22 5 0 1 0 1 68
21 5 0 1 0 1 68
23 4 0 1 0 1 68
23 5 0 1 0 1 68
13 3 0 1 0 1 68
13 4 0 1 0 1 68
13 5 0 1 0 1 68
13 6 0 1 0 1 68
13 7 0 1 0 1 68
20 13 0 1 0 1 68
19 13 0 1 0 1 68
18 13 0 1 0 1 68
18 14 0 1 0 1 68
17 14 0 1 0 1 68
17 15 0 1 0 1 68
16 15 0 1 0 1 68
16 14 0 1 0 1 68
16 13 0 1 0 1 68
17 13 0 1 0 1 68
16 16 0 1 0 1 68
15 16 0 1 0 1 68
15 17 0 1 0 1 68
15 15 0 1 0 1 68
17 16 0 1 0 1 68
17 17 0 1 0 1 68
16 17 0 1 0 1 68
16 18 0 1 0 1 68
15 18 0 1 0 1 68
15 19 0 1 0 1 68
14 21 0 1 0 1 68
13 22 0 1 0 1 68
13 21 0 1 0 1 68
12 21 0 1 0 1 68
12 20 0 1 0 1 68
13 19 0 1 0 1 68
13 20 0 1 0 1 68
14 20 0 1 0 1 68
14 22 0 1 0 1 68
12 22 0 1 0 1 68
11 22 0 1 0 1 68
10 22 0 1 0 1 68
10 21 0 1 0 1 68
9 21 0 1 0 1 68
11 21 0 1 0 1 68
11 23 0 1 0 1 68
10 23 0 1 0 1 68
9 23 0 1 0 1 68
9 22 0 1 0 1 68
3 23 0 1 0 1 68
2 22 0 1 0 1 68
2 21 0 1 0 1 68
3 21 0 1 0 1 68
3 22 0 1 0 1 68
2 23 0 1 0 1 68
1 23 0 1 0 1 68
0 22 0 1 0 1 68
0 21 0 1 0 1 68
1 21 0 1 0 1 68
1 22 0 1 0 1 68
0 20 0 1 0 1 68
1 20 0 1 0 1 68
1 19 0 1 0 1 68
0 19 0 1 0 1 68
0 18 0 1 0 1 68
0 16 0 1 0 1 68
0 17 0 1 0 1 68
1 16 0 1 0 1 68
1 15 0 1 0 1 68
1 14 0 1 0 1 68
1 13 0 1 0 1 68
1 11 0 1 0 1 68
0 10 0 1 0 1 68
0 9 0 1 0 1 68
0 8 0 1 0 1 68
0 7 0 1 0 1 68
0 6 0 1 0 1 68
0 4 0 1 0 1 68
0 5 0 1 0 1 68
20 5 0 1 0 1 62
19 5 0 1 0 1 62
16 5 0 1 0 1 62
17 5 0 1 0 1 62
18 5 0 1 0 1 62
12 8 0 1 0 1 65
12 9 0 1 0 1 65
12 10 0 1 0 1 65
12 11 0 1 0 1 65
12 12 2 1 0 1 62
13 11 1 1 0 1 62
13 12 1 1 0 1 62
14 14 1 1 0 1 62
15 13 2 1 0 1 62
11 1 0 1 0 1 62
12 1 0 1 0 1 60
13 2 1 1 0 1 60
8 3 1 1 0 1 61
6 4 1 1 0 1 61
4 5 0 1 0 1 61
4 6 0 1 0 1 61
4 7 0 1 0 1 61
4 8 0 1 0 1 61
4 9 0 1 0 1 61
4 10 0 1 0 1 61
4 11 0 1 0 1 61
4 12 0 1 0 1 61
4 13 0 1 0 1 61
4 14 1 1 0 1 61
5 14 1 1 0 1 61
2 6 2 1 0 1 61
2 7 2 1 0 1 61
3 8 0 1 0 1 61
3 9 1 1 0 1 62
3 10 1 1 0 1 62
3 11 1 1 0 1 62
3 12 1 1 0 1 62
3 13 1 1 0 1 62
3 14 1 1 0 1 62
3 15 1 1 0 1 62
4 16 1 1 0 1 65
4 17 1 1 0 1 65
4 18 0 1 0 1 64
6 18 0 1 0 1 64
7 18 0 1 0 1 64
8 18 0 1 0 1 64
7 17 0 1 0 1 69
9 17 0 1 0 1 69
10 17 0 1 0 1 69
11 16 0 1 0 1 69
22 7 0 1 0 1 69
21 8 0 1 0 1 69
20 8 0 1 0 1 69
20 9 0 1 0 1 69
20 10 0 1 0 1 69
21 11 0 1 0 1 69
22 12 0 1 0 1 69
22 13 0 1 0 1 69
22 11 0 1 0 1 69
22 9 0 1 0 1 69
23 11 0 1 0 1 69
20 6 0 1 0 1 69
2 0 0 1 0 1 69
6 0 0 1 0 1 69
9 0 0 1 0 1 69
4 1 0 1 0 1 69
7 1 0 1 0 1 69
0 2 0 1 0 1 69
1 2 0 1 0 1 69
0 0 0 1 0 1 69
5 1 0 1 0 1 66
6 1 0 1 0 1 66
6 5 0 1 0 1 66
6 6 0 1 0 1 66
6 7 0 1 0 1 66
6 8 0 1 0 1 66
6 9 0 1 0 1 66
6 10 0 1 0 1 66
6 11 0 1 0 1 66
5 11 0 1 0 1 64
7 12 0 1 0 1 67
7 13 0 1 0 1 67
7 14 0 1 0 1 67
7 15 0 1 0 1 67
7 16 0 1 0 1 67
10 10 2 1 0 1 61
10 11 2 1 0 1 61
10 6 0 1 0 1 61
10 7 0 1 0 1 61
10 8 1 1 0 1 61
11 8 1 1 0 1 61
11 5 2 1 0 1 61
11 6 2 1 0 1 61
15 5 0 1 0 1 61
15 6 0 1 0 1 61
4 4 0 1 0 1 64
4 3 0 1 0 1 64
4 21 1 1 0 1 63
5 21 1 1 0 1 63
6 21 1 1 0 1 63
7 21 1 1 0 1 63
5 22 1 1 0 1 64
7 23 1 1 0 1 64
8 22 1 1 0 1 64
6 22 0 1 0 1 60
4 23 0 1 0 1 60
2 18 0 1 0 1 60
1 17 0 1 0 1 60
17 19 0 1 0 1 60
11 20 0 1 0 1 60
10 19 0 1 0 1 60
11 19 0 1 0 1 60
1 4 0 1 0 1 62
2 3 0 1 0 1 62
1 8 0 1 0 1 62
0 12 0 1 0 1 62
0 15 0 1 0 1 62
1 12 0 1 0 1 62
1 10 0 1 0 1 60
0 14 0 1 0 1 60
1 6 0 1 0 1 60
1 3 0 1 0 1 60
5 16 2 1 0 1 61
6 16 0 1 0 1 61
