3 -9 0 0 0 0 tile-3_0
4 -9 0 0 0 0 tile-3_1
3 -10 0 0 0 0 tile-3_2
4 -10 0 0 0 0 tile-3_3
3 -8 0 0 0 0 tile-1
3 -7 0 0 0 0 tile-1
4 -5 1 0 0 0 tile-3_0
4 -6 1 0 0 0 tile-3_1
3 -5 1 0 0 0 tile-3_2
3 -6 1 0 0 0 tile-3_3
11 -6 2 0 0 0 tile-3_0
10 -6 2 0 0 0 tile-3_1
11 -5 2 0 0 0 tile-3_2
10 -5 2 0 0 0 tile-3_3
5 -5 3 0 0 0 tile-1
6 -5 3 0 0 0 tile-1
7 -5 3 0 0 0 tile-1
11 -7 0 0 0 0 tile-1
11 -8 0 0 0 0 tile-1
11 -9 0 0 0 0 tile-1
11 -10 0 0 0 0 tile-1
11 -11 0 0 0 0 tile-1
11 -12 3 0 0 0 tile-2
10 -12 3 0 0 0 tile-1
9 -12 3 0 0 0 tile-1
7 -11 0 0 0 0 tile-3_0
8 -11 0 0 0 0 tile-3_1
7 -12 0 0 0 0 tile-3_2
8 -12 0 0 0 0 tile-3_3
7 -10 2 0 0 0 tile-2
6 -10 3 0 0 0 tile-1
5 -10 3 0 0 0 tile-1
4 -8 0 0 0 1 tile-69
5 -8 0 0 0 1 tile-69
8 -6 0 0 0 1 tile-69
9 -8 0 0 0 1 tile-69
10 -9 0 0 0 1 tile-69
7 -8 0 0 0 2 tile-34
6 -7 0 0 0 2 tile-30
7 -7 0 0 0 2 tile-31
8 -7 0 0 0 2 tile-32
8 -8 0 0 0 2 tile-35
8 -9 0 0 0 2 tile-38
7 -9 0 0 0 2 tile-37
6 -8 0 0 0 2 tile-33
6 -9 0 0 0 2 tile-36
3 -12 0 0 0 1 tile-68
0 -8 0 0 0 1 tile-68
0 -6 0 0 0 1 tile-68
2 -3 0 0 0 1 tile-68
3 -3 0 0 0 1 tile-68
5 -2 0 0 0 1 tile-68
6 -2 0 0 0 1 tile-68
6 -1 0 0 0 1 tile-68
7 -2 0 0 0 1 tile-68
7 -3 0 0 0 1 tile-68
12 -3 0 0 0 1 tile-68
13 -3 0 0 0 1 tile-68
13 -4 0 0 0 1 tile-68
10 -2 0 0 0 1 tile-68
14 -9 0 0 0 1 tile-68
13 -9 0 0 0 1 tile-68
13 -8 0 0 0 1 tile-68
13 -7 0 0 0 1 tile-68
13 -13 0 0 0 1 tile-68
12 -14 0 0 0 1 tile-68
11 -13 0 0 0 1 tile-68
6 -14 0 0 0 1 tile-68
5 -14 0 0 0 1 tile-68
4 -13 0 0 0 1 tile-68
2 -13 0 0 0 1 tile-68
1 -13 0 0 0 1 tile-68
0 -13 0 0 0 1 tile-68
0 -12 0 0 0 1 tile-68
1 -10 0 0 0 1 tile-68
0 -2 0 0 0 1 tile-68
1 -2 0 0 0 1 tile-68
1 -4 0 0 0 1 tile-69
2 -1 0 0 0 1 tile-69
3 -1 0 0 0 1 tile-69
3 -2 0 0 0 1 tile-69
2 -2 0 0 0 1 tile-69
0 0 0 0 0 1 tile-69
6 -4 0 0 0 1 tile-69
8 -2 0 0 0 1 tile-69
8 -1 0 0 0 1 tile-69
9 -1 0 0 0 1 tile-69
10 -1 0 0 0 1 tile-69
14 -6 0 0 0 1 tile-69
13 -6 0 0 0 1 tile-69
13 -11 0 0 0 1 tile-69
9 -13 0 0 0 1 tile-69
9 -11 0 0 0 1 tile-68
10 -6 0 0 0 1 tile-68
4 -6 0 0 0 1 tile-68
5 -7 0 0 0 1 tile-68
5 -4 0 0 0 1 tile-60
2 -7 0 0 0 1 tile-61
2 -8 0 0 0 1 tile-61
8 -10 0 0 0 1 tile-65
12 -12 0 0 0 1 tile-64
10 -3 0 0 0 1 tile-65
2 -4 0 0 0 1 tile-64
4 -2 1 0 0 1 tile-61
0 -5 3 0 0 1 tile-60
7 -14 0 0 0 1 tile-60
13 -10 0 0 0 1 tile-61
14 -10 0 0 0 1 tile-60
13 -1 0 0 0 1 tile-60
6 -6 0 0 0 1 tile-66
10 -11 0 0 0 1 tile-67
4 -11 0 0 0 1 tile-67
5 -9 0 0 0 1 tile-62
6 -11 0 0 0 1 tile-62
7 -9 0 0 0 1 tile-62
10 -10 0 0 0 1 tile-63
10 -7 0 0 0 1 tile-63
9 -4 1 0 0 1 tile-63
4 -3 1 0 0 1 tile-63
4 0 0 0 0 1 tile-62
14 -3 0 0 0 1 tile-62
1 -12 0 0 0 1 tile-62
11 -14 0 0 0 1 tile-62
12 -9 1 0 0 1 tile-62
8 -9 0 0 0 1 tile-69
6 -9 0 0 0 1 tile-60
9 -7 0 1 0 1 tile-65
9 -9 0 1 0 1 tile-65
10 -8 0 1 0 1 tile-62
7 -6 0 1 0 1 tile-62
7 -7 0 1 0 1 tile-60
5 -12 0 1 0 1 tile-68
3 -10 0 1 0 1 tile-68
2 -10 0 1 0 1 tile-68
2 -9 0 1 0 1 tile-68
2 -6 0 1 0 1 tile-68
7 -4 0 1 0 1 tile-68
11 -4 0 1 0 1 tile-68
12 -5 0 1 0 1 tile-68
12 -6 0 1 0 1 tile-68
12 -11 0 1 0 1 tile-68
9 -5 2 0 0 0 tile-13_0
8 -5 2 0 0 0 tile-13_1
9 -5 2 0 0 3 tile-14


===
3 9 0 0 0 0 3
3 8 0 0 0 0 1
3 7 0 0 0 0 1
3 5 1 0 0 0 3
10 5 2 0 0 0 3
5 5 3 0 0 0 1
6 5 3 0 0 0 1
7 5 3 0 0 0 1
11 7 0 0 0 0 1
11 8 0 0 0 0 1
11 9 0 0 0 0 1
11 10 0 0 0 0 1
11 11 0 0 0 0 1
8 5 2 0 0 0 99
11 12 3 0 0 0 2
10 12 3 0 0 0 1
9 12 3 0 0 0 1
7 11 0 0 0 0 3
7 10 2 0 0 0 2
6 10 3 0 0 0 1
5 10 3 0 0 0 1
4 8 0 0 0 1 69
5 8 0 0 0 1 69
8 6 0 0 0 1 69
9 8 0 0 0 1 69
10 9 0 0 0 1 69
7 8 0 0 0 2 34
6 7 0 0 0 2 30
7 7 0 0 0 2 31
8 7 0 0 0 2 32
8 8 0 0 0 2 35
8 9 0 0 0 2 38
7 9 0 0 0 2 37
6 8 0 0 0 2 33
6 9 0 0 0 2 36
3 12 0 0 0 1 68
0 8 0 0 0 1 68
0 6 0 0 0 1 68
2 3 0 0 0 1 68
3 3 0 0 0 1 68
5 2 0 0 0 1 68
6 2 0 0 0 1 68
6 1 0 0 0 1 68
7 2 0 0 0 1 68
7 3 0 0 0 1 68
12 3 0 0 0 1 68
13 3 0 0 0 1 68
13 4 0 0 0 1 68
10 2 0 0 0 1 68
14 9 0 0 0 1 68
13 9 0 0 0 1 68
13 8 0 0 0 1 68
13 7 0 0 0 1 68
13 13 0 0 0 1 68
12 14 0 0 0 1 68
11 13 0 0 0 1 68
6 14 0 0 0 1 68
5 14 0 0 0 1 68
4 13 0 0 0 1 68
2 13 0 0 0 1 68
1 13 0 0 0 1 68
0 13 0 0 0 1 68
0 12 0 0 0 1 68
1 10 0 0 0 1 68
0 2 0 0 0 1 68
1 2 0 0 0 1 68
1 4 0 0 0 1 69
2 1 0 0 0 1 69
3 1 0 0 0 1 69
3 2 0 0 0 1 69
2 2 0 0 0 1 69
0 0 0 0 0 1 69
6 4 0 0 0 1 69
8 2 0 0 0 1 69
8 1 0 0 0 1 69
9 1 0 0 0 1 69
10 1 0 0 0 1 69
14 6 0 0 0 1 69
13 6 0 0 0 1 69
13 11 0 0 0 1 69
9 13 0 0 0 1 69
9 11 0 0 0 1 68
10 6 0 0 0 1 68
4 6 0 0 0 1 68
5 7 0 0 0 1 68
5 4 0 0 0 1 60
2 7 0 0 0 1 61
2 8 0 0 0 1 61
8 10 0 0 0 1 65
12 12 0 0 0 1 64
10 3 0 0 0 1 65
2 4 0 0 0 1 64
4 2 1 0 0 1 61
0 5 3 0 0 1 60
7 14 0 0 0 1 60
13 10 0 0 0 1 61
14 10 0 0 0 1 60
13 1 0 0 0 1 60
6 6 0 0 0 1 66
10 11 0 0 0 1 67
4 11 0 0 0 1 67
5 9 0 0 0 1 62
6 11 0 0 0 1 62
7 9 0 0 0 1 62
10 10 0 0 0 1 63
10 7 0 0 0 1 63
9 4 1 0 0 1 63
4 3 1 0 0 1 63
4 0 0 0 0 1 62
14 3 0 0 0 1 62
1 12 0 0 0 1 62
11 14 0 0 0 1 62
12 9 1 0 0 1 62
8 9 0 0 0 1 69
6 9 0 0 0 1 60
9 7 0 1 0 1 65
9 9 0 1 0 1 65
10 8 0 1 0 1 62
7 6 0 1 0 1 62
7 7 0 1 0 1 60
5 12 0 1 0 1 68
3 10 0 1 0 1 68
2 10 0 1 0 1 68
2 9 0 1 0 1 68
2 6 0 1 0 1 68
7 4 0 1 0 1 68
11 4 0 1 0 1 68
12 5 0 1 0 1 68
12 6 0 1 0 1 68
12 11 0 1 0 1 68
