7 -6 3 1 1 0 tile-5_0
7 -7 3 1 1 0 tile-5_1
6 -6 3 1 1 0 tile-5_2
6 -7 3 1 1 0 tile-5_3
8 -3 3 1 1 0 tile-5_0
8 -4 3 1 1 0 tile-5_1
7 -3 3 1 1 0 tile-5_2
7 -4 3 1 1 0 tile-5_3
10 -1 3 1 1 0 tile-6_0
10 -2 3 1 1 0 tile-6_1
10 -3 3 1 1 0 tile-6_2
9 -1 3 1 1 0 tile-6_3
9 -2 3 1 1 0 tile-6_4
9 -3 3 1 1 0 tile-6_5
13 -2 1 0 1 0 tile-10_0
13 -1 1 0 1 0 tile-10_1
12 -2 1 0 1 0 tile-10_2
12 -1 1 0 1 0 tile-10_3
11 -2 1 0 1 0 tile-10_4
11 -1 1 0 1 0 tile-10_5
15 -1 2 0 1 0 tile-12_0
14 -1 2 0 1 0 tile-12_1
15 -2 2 0 1 0 tile-12_2
14 -2 2 0 1 0 tile-12_3
15 -3 2 0 1 0 tile-11_0
14 -3 2 0 1 0 tile-11_1
15 -4 2 0 1 0 tile-11_2
14 -4 2 0 1 0 tile-11_3
15 -6 1 0 1 0 tile-12_0
15 -5 1 0 1 0 tile-12_1
14 -6 1 0 1 0 tile-12_2
14 -5 1 0 1 0 tile-12_3
13 -6 1 0 1 0 tile-10_0
13 -5 1 0 1 0 tile-10_1
12 -6 1 0 1 0 tile-10_2
12 -5 1 0 1 0 tile-10_3
11 -6 1 0 1 0 tile-10_4
11 -5 1 0 1 0 tile-10_5
9 -6 1 1 1 0 tile-5_0
9 -5 1 1 1 0 tile-5_1
10 -6 1 1 1 0 tile-5_2
10 -5 1 1 1 0 tile-5_3
8 -6 1 1 1 0 tile-1
3 -10 1 1 1 0 tile-7_0
3 -9 1 1 1 0 tile-7_1
3 -8 1 1 1 0 tile-7_2
3 -7 1 1 1 0 tile-7_3
4 -10 1 1 1 0 tile-7_4
4 -9 1 1 1 0 tile-7_5
4 -8 1 1 1 0 tile-7_6
4 -7 1 1 1 0 tile-7_7
5 -10 1 1 1 0 tile-7_8
5 -9 1 1 1 0 tile-7_9
5 -8 1 1 1 0 tile-7_10
5 -7 1 1 1 0 tile-7_11
2 -10 2 1 1 0 tile-2
2 -9 2 1 1 0 tile-1
2 -8 2 1 1 0 tile-1
2 -7 2 1 1 0 tile-1
2 -6 2 1 1 0 tile-1
3 -4 3 1 1 0 tile-3_0
3 -5 3 1 1 0 tile-3_1
2 -4 3 1 1 0 tile-3_2
2 -5 3 1 1 0 tile-3_3
4 -4 3 1 1 0 tile-1
3 -9 2 1 1 1 tile-69
2 -8 2 1 1 1 tile-61
5 -7 2 1 1 1 tile-60
6 -8 2 1 1 1 tile-65
6 -7 2 1 1 1 tile-60
4 -9 2 1 1 1 tile-62
2 -7 2 1 1 1 tile-61
3 -6 2 1 1 1 tile-64
10 -8 2 1 1 2 tile-31
11 -8 2 1 1 2 tile-31
12 -8 2 1 1 2 tile-31
15 -8 2 1 1 2 tile-31
13 -8 2 1 1 2 tile-31
14 -8 2 1 1 2 tile-31
11 -6 2 1 1 1 tile-69
6 -11 2 1 1 2 tile-31
5 -11 2 1 1 2 tile-31
4 -11 2 1 1 2 tile-31
3 -11 2 1 1 2 tile-31
8 -11 2 1 1 2 tile-34
9 -10 2 1 1 2 tile-34
9 -11 2 1 1 2 tile-34
10 -11 2 1 1 2 tile-34
10 -10 2 1 1 2 tile-34
10 -9 2 1 1 2 tile-34
11 -9 2 1 1 2 tile-34
12 -9 2 1 1 2 tile-34
13 -9 2 1 1 2 tile-34
14 -9 2 1 1 2 tile-34
15 -9 2 1 1 2 tile-34
16 -9 2 1 1 2 tile-34
16 -10 2 1 1 2 tile-34
17 -10 2 1 1 2 tile-34
15 -10 2 1 1 2 tile-34
14 -10 2 1 1 2 tile-34
14 -11 2 1 1 2 tile-34
13 -11 2 1 1 2 tile-34
12 -11 2 1 1 2 tile-34
11 -11 2 1 1 2 tile-34
11 -10 2 1 1 2 tile-34
12 -10 2 1 1 2 tile-34
16 -11 2 1 1 2 tile-34
17 -11 2 1 1 2 tile-34
13 -10 2 1 1 2 tile-34
15 -11 2 1 1 2 tile-34
18 -11 2 1 1 2 tile-34
19 -11 2 1 1 2 tile-34
19 -10 2 1 1 2 tile-34
18 -10 2 1 1 2 tile-34
18 -9 2 1 1 2 tile-34
0 -11 2 1 1 2 tile-34
19 -9 2 1 1 2 tile-34
19 -8 2 1 1 2 tile-34
19 -6 2 1 1 2 tile-34
19 -5 2 1 1 2 tile-34
19 -4 2 1 1 2 tile-34
19 -3 2 1 1 2 tile-34
19 -2 2 1 1 2 tile-34
18 -2 2 1 1 2 tile-34
19 -7 2 1 1 2 tile-34
19 -1 2 1 1 2 tile-34
19 0 2 1 1 2 tile-34
6 -5 2 1 1 1 tile-64
5 -5 2 1 1 1 tile-64
9 -4 2 1 1 1 tile-64
8 -5 2 1 1 1 tile-68
7 -5 2 1 1 1 tile-68
4 -6 2 1 1 1 tile-62
4 -5 2 1 1 1 tile-69
11 -3 2 1 1 1 tile-66
10 -4 2 1 1 1 tile-68
11 -4 2 1 1 1 tile-68
12 -4 2 1 1 1 tile-68
13 -3 2 1 1 1 tile-69
11 -2 2 1 1 1 tile-64
16 -8 2 1 1 2 tile-42
17 -7 2 1 1 2 tile-42
6 -1 0 1 1 2 tile-31
17 -6 1 1 1 2 tile-31
17 -5 1 1 1 2 tile-31
17 -4 1 1 1 2 tile-31
17 -3 1 1 1 2 tile-31
17 -2 1 1 1 2 tile-31
17 -1 1 1 1 2 tile-31
17 0 1 1 1 2 tile-42
16 0 0 1 1 2 tile-31
15 0 0 1 1 2 tile-31
14 0 0 1 1 2 tile-31
13 0 0 1 1 2 tile-31
12 0 0 1 1 2 tile-31
11 0 0 1 1 2 tile-31
10 0 0 1 1 2 tile-31
9 0 0 1 1 2 tile-31
7 -1 0 1 1 2 tile-30
2 -2 0 1 1 2 tile-34
4 -1 0 1 1 2 tile-34
6 -2 2 1 1 1 tile-68
7 -2 2 1 1 1 tile-68
8 -1 2 1 1 1 tile-68
6 -1 2 1 1 1 tile-60
5 -2 2 1 1 1 tile-60
17 -8 0 1 1 2 tile-34
18 -8 0 1 1 2 tile-34
18 -7 0 1 1 2 tile-34
18 -6 0 1 1 2 tile-34
18 -5 0 1 1 2 tile-34
18 -4 0 1 1 2 tile-34
18 -3 0 1 1 2 tile-34
18 0 0 1 1 2 tile-34
18 -1 0 1 1 2 tile-34
6 0 0 1 1 2 tile-34
5 0 0 1 1 2 tile-34
4 0 0 1 1 2 tile-34
3 0 0 1 1 2 tile-34
2 0 0 1 1 2 tile-34
1 0 0 1 1 2 tile-34
0 0 0 1 1 2 tile-34
0 -1 0 1 1 2 tile-34
1 -1 0 1 1 2 tile-34
2 -1 0 1 1 2 tile-34
3 -1 0 1 1 2 tile-34
1 -2 0 1 1 2 tile-34
0 -2 0 1 1 2 tile-34
0 -3 0 1 1 2 tile-34
0 -4 0 1 1 2 tile-34
0 -5 0 1 1 2 tile-34
0 -6 0 1 1 2 tile-34
0 -7 0 1 1 2 tile-34
0 -8 0 1 1 2 tile-34
0 -9 0 1 1 2 tile-34
0 -10 0 1 1 2 tile-34
16 -7 2 1 1 2 tile-30
17 -7 2 1 1 1 tile-64
17 -6 2 1 1 1 tile-64
16 -6 2 1 1 1 tile-63
8 -8 2 1 1 1 tile-69
16 -2 2 1 1 1 tile-69
16 0 2 1 1 1 tile-69
8 0 2 1 1 1 tile-69
13 -9 2 1 1 1 tile-60
9 -7 2 1 1 1 tile-68
1 -10 0 1 0 2 tile-33
1 -9 0 1 0 2 tile-33
1 -8 0 1 0 2 tile-33
1 -7 0 1 0 2 tile-33
1 -6 0 1 0 2 tile-33
1 -5 0 1 0 2 tile-33
1 -4 0 1 0 2 tile-33
9 -8 0 1 0 2 tile-32
7 -10 0 1 0 2 tile-32
8 -9 0 1 0 2 tile-32
9 -9 0 1 0 2 tile-41
8 -10 0 1 0 2 tile-41
7 -11 0 1 0 2 tile-41
1 -11 0 1 0 2 tile-42
2 -11 0 1 0 2 tile-31
4 -2 0 1 0 2 tile-37
2 -3 0 1 0 2 tile-37
3 -3 0 1 0 2 tile-36
3 -2 0 1 0 2 tile-40
1 -3 0 1 0 2 tile-40
7 0 0 1 0 2 tile-40
5 -1 0 1 0 2 tile-40
11 -9 0 1 0 1 tile-65
2 -2 0 1 0 1 tile-65
5 0 0 1 0 1 tile-65
3 -1 0 1 0 1 tile-60
0 -9 0 1 0 1 tile-60
10 -10 0 1 0 1 tile-60
12 -7 2 1 0 1 tile-60
4 -11 2 1 0 1 tile-60
3 -11 2 1 0 1 tile-60
6 -4 2 0 1 0 tile-13_0
5 -4 2 0 1 0 tile-13_1
6 -4 2 0 1 3 tile-14


===
5 4 2 0 1 0 99
6 6 3 1 1 0 5
7 3 3 1 1 0 5
9 1 3 1 1 0 6
11 1 3 0 1 0 10
14 1 2 0 1 0 12
14 3 2 0 1 0 11
14 5 3 0 1 0 12
11 5 3 0 1 0 10
9 5 1 1 1 0 5
8 6 1 1 1 0 1
3 7 1 1 1 0 7
2 10 2 1 1 0 2
2 9 2 1 1 0 1
2 8 2 1 1 0 1
2 7 2 1 1 0 1
2 6 2 1 1 0 1
2 4 3 1 1 0 3
4 4 3 1 1 0 1
3 9 2 1 1 1 69
2 8 2 1 1 1 61
5 7 2 1 1 1 60
6 8 2 1 1 1 65
6 7 2 1 1 1 60
4 9 2 1 1 1 62
2 7 2 1 1 1 61
3 6 2 1 1 1 64
10 8 2 1 1 2 31
11 8 2 1 1 2 31
12 8 2 1 1 2 31
15 8 2 1 1 2 31
13 8 2 1 1 2 31
14 8 2 1 1 2 31
11 6 2 1 1 1 69
6 11 2 1 1 2 31
5 11 2 1 1 2 31
4 11 2 1 1 2 31
3 11 2 1 1 2 31
8 11 2 1 1 2 34
9 10 2 1 1 2 34
9 11 2 1 1 2 34
10 11 2 1 1 2 34
10 10 2 1 1 2 34
10 9 2 1 1 2 34
11 9 2 1 1 2 34
12 9 2 1 1 2 34
13 9 2 1 1 2 34
14 9 2 1 1 2 34
15 9 2 1 1 2 34
16 9 2 1 1 2 34
16 10 2 1 1 2 34
17 10 2 1 1 2 34
15 10 2 1 1 2 34
14 10 2 1 1 2 34
14 11 2 1 1 2 34
13 11 2 1 1 2 34
12 11 2 1 1 2 34
11 11 2 1 1 2 34
11 10 2 1 1 2 34
12 10 2 1 1 2 34
16 11 2 1 1 2 34
17 11 2 1 1 2 34
13 10 2 1 1 2 34
15 11 2 1 1 2 34
18 11 2 1 1 2 34
19 11 2 1 1 2 34
19 10 2 1 1 2 34
18 10 2 1 1 2 34
18 9 2 1 1 2 34
0 11 2 1 1 2 34
19 9 2 1 1 2 34
19 8 2 1 1 2 34
19 6 2 1 1 2 34
19 5 2 1 1 2 34
19 4 2 1 1 2 34
19 3 2 1 1 2 34
19 2 2 1 1 2 34
18 2 2 1 1 2 34
19 7 2 1 1 2 34
19 1 2 1 1 2 34
19 0 2 1 1 2 34
6 5 2 1 1 1 64
5 5 2 1 1 1 64
9 4 2 1 1 1 64
8 5 2 1 1 1 68
7 5 2 1 1 1 68
4 6 2 1 1 1 62
4 5 2 1 1 1 69
11 3 2 1 1 1 66
10 4 2 1 1 1 68
11 4 2 1 1 1 68
12 4 2 1 1 1 68
13 3 2 1 1 1 69
11 2 2 1 1 1 64
16 8 2 1 1 2 42
17 7 2 1 1 2 42
6 1 0 1 1 2 31
17 6 1 1 1 2 31
17 5 1 1 1 2 31
17 4 1 1 1 2 31
17 3 1 1 1 2 31
17 2 1 1 1 2 31
17 1 1 1 1 2 31
17 0 1 1 1 2 42
16 0 0 1 1 2 31
15 0 0 1 1 2 31
14 0 0 1 1 2 31
13 0 0 1 1 2 31
12 0 0 1 1 2 31
11 0 0 1 1 2 31
10 0 0 1 1 2 31
9 0 0 1 1 2 31
7 1 0 1 1 2 30
2 2 0 1 1 2 34
4 1 0 1 1 2 34
6 2 2 1 1 1 68
7 2 2 1 1 1 68
8 1 2 1 1 1 68
6 1 2 1 1 1 60
5 2 2 1 1 1 60
17 8 0 1 1 2 34
18 8 0 1 1 2 34
18 7 0 1 1 2 34
18 6 0 1 1 2 34
18 5 0 1 1 2 34
18 4 0 1 1 2 34
18 3 0 1 1 2 34
18 0 0 1 1 2 34
18 1 0 1 1 2 34
6 0 0 1 1 2 34
5 0 0 1 1 2 34
4 0 0 1 1 2 34
3 0 0 1 1 2 34
2 0 0 1 1 2 34
1 0 0 1 1 2 34
0 0 0 1 1 2 34
0 1 0 1 1 2 34
1 1 0 1 1 2 34
2 1 0 1 1 2 34
3 1 0 1 1 2 34
1 2 0 1 1 2 34
0 2 0 1 1 2 34
0 3 0 1 1 2 34
0 4 0 1 1 2 34
0 5 0 1 1 2 34
0 6 0 1 1 2 34
0 7 0 1 1 2 34
0 8 0 1 1 2 34
0 9 0 1 1 2 34
0 10 0 1 1 2 34
16 7 2 1 1 2 30
17 7 2 1 1 1 64
17 6 2 1 1 1 64
16 6 2 1 1 1 63
8 8 2 1 1 1 69
16 2 2 1 1 1 69
16 0 2 1 1 1 69
8 0 2 1 1 1 69
13 9 2 1 1 1 60
9 7 2 1 1 1 68
1 10 0 1 0 2 33
1 9 0 1 0 2 33
1 8 0 1 0 2 33
1 7 0 1 0 2 33
1 6 0 1 0 2 33
1 5 0 1 0 2 33
1 4 0 1 0 2 33
9 8 0 1 0 2 32
7 10 0 1 0 2 32
8 9 0 1 0 2 32
9 9 0 1 0 2 41
8 10 0 1 0 2 41
7 11 0 1 0 2 41
1 11 0 1 0 2 42
2 11 0 1 0 2 31
4 2 0 1 0 2 37
2 3 0 1 0 2 37
3 3 0 1 0 2 36
3 2 0 1 0 2 40
1 3 0 1 0 2 40
7 0 0 1 0 2 40
5 1 0 1 0 2 40
11 9 0 1 0 1 65
2 2 0 1 0 1 65
5 0 0 1 0 1 65
3 1 0 1 0 1 60
0 9 0 1 0 1 60
10 10 0 1 0 1 60
12 7 2 1 0 1 60
4 11 2 1 0 1 60
3 11 2 1 0 1 60
