9 -6 3 1 1 0 tile-1
12 -6 3 1 1 0 tile-1
11 -4 3 1 1 0 tile-1
10 -4 3 1 1 0 tile-1
9 -4 3 1 1 0 tile-1
12 -4 3 1 1 0 tile-1
8 -6 3 1 1 0 tile-2
8 -7 0 1 1 0 tile-1
8 -8 0 1 1 0 tile-1
7 -10 1 1 1 0 tile-3_0
7 -9 1 1 1 0 tile-3_1
8 -10 1 1 1 0 tile-3_2
8 -9 1 1 1 0 tile-3_3
6 -10 1 1 1 0 tile-1
5 -10 1 1 1 0 tile-1
4 -10 1 1 1 0 tile-1
1 -8 2 1 1 0 tile-4_0
2 -8 2 1 1 0 tile-4_1
1 -9 2 1 1 0 tile-4_2
2 -9 2 1 1 0 tile-4_3
3 -9 2 1 1 0 tile-4_4
1 -10 2 1 1 0 tile-4_5
2 -10 2 1 1 0 tile-4_6
3 -10 2 1 1 0 tile-4_7
1 -7 2 1 1 0 tile-1
1 -6 2 1 1 0 tile-1
1 -5 2 1 1 0 tile-1
1 -4 2 1 1 0 tile-1
1 -3 2 1 1 0 tile-1
1 -2 3 1 1 0 tile-2
2 -2 1 1 1 0 tile-2
2 -1 3 1 1 0 tile-2
3 -1 1 1 0 0 tile-6_0
3 -2 1 1 0 0 tile-6_1
3 -3 1 1 0 0 tile-6_2
4 -1 1 1 0 0 tile-6_3
4 -2 1 1 0 0 tile-6_4
4 -3 1 1 0 0 tile-6_5
5 -3 1 1 0 0 tile-6_0
5 -4 1 1 0 0 tile-6_1
5 -5 1 1 0 0 tile-6_2
6 -3 1 1 0 0 tile-6_3
6 -4 1 1 0 0 tile-6_4
6 -5 1 1 0 0 tile-6_5
7 -5 1 1 0 0 tile-1
8 -5 0 1 0 0 tile-2
8 -4 2 1 0 0 tile-2
15 -2 0 1 0 0 tile-4_0
14 -2 0 1 0 0 tile-4_1
15 -3 0 1 0 0 tile-4_2
14 -3 0 1 0 0 tile-4_3
13 -3 0 1 0 0 tile-4_4
15 -4 0 1 0 0 tile-4_5
14 -4 0 1 0 0 tile-4_6
13 -4 0 1 0 0 tile-4_7
15 -1 2 1 0 0 tile-2
16 -1 1 1 0 0 tile-3_0
16 -2 1 1 0 0 tile-3_1
17 -1 1 1 0 0 tile-3_2
17 -2 1 1 0 0 tile-3_3
17 -3 0 1 0 0 tile-5_0
16 -3 0 1 0 0 tile-5_1
17 -4 0 1 0 0 tile-5_2
16 -4 0 1 0 0 tile-5_3
16 -5 0 0 0 0 tile-5_0
17 -5 0 0 0 0 tile-5_1
16 -6 0 0 0 0 tile-5_2
17 -6 0 0 0 0 tile-5_3
17 -7 0 1 0 0 tile-5_0
16 -7 0 1 0 0 tile-5_1
17 -8 0 1 0 0 tile-5_2
16 -8 0 1 0 0 tile-5_3
16 -9 0 1 0 0 tile-3_0
15 -9 0 1 0 0 tile-3_1
16 -10 0 1 0 0 tile-3_2
15 -10 0 1 0 0 tile-3_3
14 -10 3 1 0 0 tile-3_0
14 -9 3 1 0 0 tile-3_1
13 -10 3 1 0 0 tile-3_2
13 -9 3 1 0 0 tile-3_3
13 -8 2 1 0 0 tile-3_0
14 -8 2 1 0 0 tile-3_1
13 -7 2 1 0 0 tile-3_2
14 -7 2 1 0 0 tile-3_3
15 -7 0 1 0 0 tile-2
15 -6 1 1 0 0 tile-2
14 -6 1 1 0 0 tile-1
13 -6 1 1 0 0 tile-1
14 -6 1 1 0 1 tile-61
13 -6 1 1 0 1 tile-61
12 -7 1 1 0 1 tile-65
13 -7 3 1 1 1 tile-60
11 -5 2 1 1 1 tile-66
10 -5 2 1 1 1 tile-68
9 -5 2 1 1 1 tile-68
8 -5 2 1 1 1 tile-60
9 -7 2 1 1 1 tile-60
10 -7 2 1 1 1 tile-64
11 -7 2 1 1 1 tile-64
7 -4 2 1 1 1 tile-68
5 -2 2 1 1 1 tile-68
15 -8 2 1 1 1 tile-65
14 -8 2 1 1 1 tile-69
16 -7 2 1 1 1 tile-64
16 -6 2 1 1 1 tile-64
15 -5 2 1 1 1 tile-68
14 -5 2 1 1 1 tile-68
13 -5 2 1 1 1 tile-68
12 -5 2 1 1 1 tile-68
16 -2 2 1 1 1 tile-68
15 -4 2 1 1 1 tile-61
15 -3 2 1 1 1 tile-61
14 -4 2 1 1 1 tile-69
17 -4 2 1 1 1 tile-69
18 -4 2 1 1 1 tile-68
18 -3 2 1 1 1 tile-68
13 -11 2 1 1 2 tile-31
14 -11 2 1 1 2 tile-31
15 -11 2 1 1 2 tile-31
16 -11 2 1 1 2 tile-31
17 -11 2 1 1 2 tile-31
12 -11 2 1 1 2 tile-31
11 -11 2 1 1 2 tile-31
10 -11 2 1 1 2 tile-31
9 -11 2 1 1 2 tile-31
8 -11 2 1 1 2 tile-31
7 -11 2 1 1 2 tile-31
6 -11 2 1 1 2 tile-31
5 -11 2 1 1 2 tile-31
4 -11 2 1 1 2 tile-31
3 -11 2 1 1 2 tile-31
2 -11 2 1 1 2 tile-31
1 -11 2 1 1 2 tile-31
0 -11 2 1 1 2 tile-31
0 -12 2 1 1 2 tile-34
1 -12 2 1 1 2 tile-34
2 -12 2 1 1 2 tile-34
3 -12 2 1 1 2 tile-34
4 -12 2 1 1 2 tile-34
5 -12 2 1 1 2 tile-34
6 -12 2 1 1 2 tile-34
7 -12 2 1 1 2 tile-34
8 -12 2 1 1 2 tile-34
9 -12 2 1 1 2 tile-34
10 -12 2 1 1 2 tile-34
11 -12 2 1 1 2 tile-34
12 -12 2 1 1 2 tile-34
13 -12 2 1 1 2 tile-34
14 -12 2 1 1 2 tile-34
15 -12 2 1 1 2 tile-34
16 -12 2 1 1 2 tile-34
18 -12 2 1 1 2 tile-34
17 -12 2 1 1 2 tile-34
11 -9 2 1 1 1 tile-68
11 -8 2 1 1 1 tile-68
10 -8 2 1 1 1 tile-68
10 -9 2 1 1 1 tile-68
10 -10 2 1 1 1 tile-68
11 -10 2 1 1 1 tile-68
12 -10 2 1 1 1 tile-60
9 -10 2 1 1 1 tile-60
17 -10 2 1 1 1 tile-69
4 -8 2 1 1 1 tile-64
6 -8 2 1 1 1 tile-68
5 -8 2 1 1 1 tile-68
6 -7 2 1 1 1 tile-68
7 -6 2 1 1 1 tile-68
6 -6 2 1 1 1 tile-68
4 -6 2 1 1 1 tile-68
4 -5 2 1 1 1 tile-68
4 -4 2 1 1 1 tile-68
3 -4 2 1 1 1 tile-68
2 -4 2 1 1 1 tile-68
2 -5 2 1 1 1 tile-68
2 -6 2 1 1 1 tile-68
3 -6 2 1 1 1 tile-68
3 -7 2 1 1 1 tile-68
4 -7 2 1 1 1 tile-68
5 -7 2 1 1 1 tile-68
3 -5 2 1 1 1 tile-69
5 -9 2 1 1 1 tile-69
10 -3 2 1 1 1 tile-60
4 0 2 1 1 1 tile-64
3 0 2 1 1 1 tile-64
2 0 2 1 1 1 tile-64
1 0 2 1 1 1 tile-64
1 -1 2 1 1 1 tile-64
5 -1 2 1 1 1 tile-64
2 -2 2 1 1 1 tile-61
3 -2 2 0 0 1 tile-61
2 -3 2 0 1 1 tile-65
3 -3 2 0 1 1 tile-61
0 -2 2 0 1 1 tile-67
0 -3 2 0 1 1 tile-68
0 -4 2 0 1 1 tile-68
0 -6 2 0 1 1 tile-68
0 -7 2 0 1 1 tile-68
0 -9 2 0 1 1 tile-68
0 -10 2 0 1 1 tile-68
1 -10 2 0 1 1 tile-68
0 -1 2 0 1 1 tile-65
0 0 2 0 1 1 tile-65
18 -8 2 0 1 1 tile-64
18 -9 2 0 1 1 tile-68
18 -10 2 0 1 1 tile-68
18 -11 2 0 1 1 tile-68
18 -6 2 0 1 1 tile-68
11 -2 2 0 1 1 tile-65
8 -1 2 0 1 1 tile-65
11 -3 2 0 1 1 tile-68
12 -3 2 0 1 1 tile-68
12 -2 2 0 1 1 tile-68
13 -2 2 0 1 1 tile-68
11 -1 2 0 1 1 tile-68
10 -2 2 0 1 1 tile-68
9 -2 2 0 1 1 tile-68
7 -2 2 0 1 1 tile-68
7 -3 2 0 1 1 tile-68
6 -2 2 0 1 1 tile-68
18 -1 2 0 1 1 tile-68
18 0 2 0 1 1 tile-68
16 0 2 0 1 1 tile-68
15 0 2 0 1 1 tile-68
14 0 2 0 1 1 tile-68
14 -1 2 0 1 1 tile-68
13 -1 2 0 1 1 tile-68
18 -2 2 0 1 1 tile-68
12 0 2 0 1 1 tile-68
11 0 2 0 1 1 tile-68
10 0 2 0 1 1 tile-68
9 0 2 0 1 1 tile-68
8 0 2 0 1 1 tile-68
7 0 2 0 1 1 tile-68
6 0 2 0 1 1 tile-68
8 -3 2 0 1 1 tile-69
9 -3 2 0 1 1 tile-69
9 -1 2 0 1 1 tile-69
10 -1 2 0 1 1 tile-69
7 -1 2 0 1 1 tile-69
6 -1 2 0 1 1 tile-69
13 0 2 0 1 1 tile-69
14 -2 2 0 1 1 tile-69
7 -7 2 0 1 1 tile-69
9 -9 2 0 1 1 tile-69
2 -10 2 0 1 1 tile-69
12 -8 2 0 1 1 tile-61
12 -9 2 0 1 1 tile-66
6 -9 2 0 1 1 tile-66
2 -7 2 0 1 1 tile-66
17 -9 0 0 0 1 tile-62
18 -5 0 0 0 1 tile-62
12 -1 0 0 0 1 tile-62
8 -2 0 0 0 1 tile-62
3 -8 0 0 0 1 tile-62
5 -6 0 0 0 1 tile-62
0 -5 0 0 0 1 tile-62
0 -8 0 0 0 1 tile-62
17 0 0 0 0 1 tile-62
5 0 0 0 0 1 tile-62
13 -3 2 0 0 1 tile-62
10 -6 2 1 1 0 tile-13_0
11 -6 2 1 1 0 tile-13_1
10 -6 2 1 1 3 tile-14


===
10 6 2 1 1 0 99
9 6 3 1 1 0 1
12 6 3 1 1 0 1
11 4 3 1 1 0 1
10 4 3 1 1 0 1
9 4 3 1 1 0 1
12 4 3 1 1 0 1
8 6 3 1 1 0 2
8 7 0 1 1 0 1
8 8 0 1 1 0 1
7 9 1 1 1 0 3
6 10 1 1 1 0 1
5 10 1 1 1 0 1
4 10 1 1 1 0 1
1 8 2 1 1 0 4
1 7 2 1 1 0 1
1 6 2 1 1 0 1
1 5 2 1 1 0 1
1 4 2 1 1 0 1
1 3 2 1 1 0 1
1 2 3 1 1 0 2
2 2 1 1 1 0 2
2 1 3 1 1 0 2
3 1 3 1 0 0 6
5 3 3 1 0 0 6
7 5 3 1 0 0 1
8 5 0 1 0 0 2
8 4 2 1 0 0 2
13 2 0 1 0 0 4
15 1 2 1 0 0 2
16 1 3 1 0 0 3
16 3 0 1 0 0 5
16 5 0 0 0 0 5
16 7 0 1 0 0 5
15 9 0 1 0 0 3
13 9 1 1 0 0 3
13 7 2 1 0 0 3
15 7 0 1 0 0 2
15 6 3 1 0 0 2
14 6 3 1 0 0 1
13 6 3 1 0 0 1
14 6 3 1 0 1 61
13 6 3 1 0 1 61
12 7 3 1 0 1 65
13 7 3 1 1 1 60
11 5 2 1 1 1 66
10 5 2 1 1 1 68
9 5 2 1 1 1 68
8 5 2 1 1 1 60
9 7 2 1 1 1 60
10 7 2 1 1 1 64
11 7 2 1 1 1 64
7 4 2 1 1 1 68
5 2 2 1 1 1 68
15 8 2 1 1 1 65
14 8 2 1 1 1 69
16 7 2 1 1 1 64
16 6 2 1 1 1 64
15 5 2 1 1 1 68
14 5 2 1 1 1 68
13 5 2 1 1 1 68
12 5 2 1 1 1 68
16 2 2 1 1 1 68
15 4 2 1 1 1 61
15 3 2 1 1 1 61
14 4 2 1 1 1 69
17 4 2 1 1 1 69
18 4 2 1 1 1 68
18 3 2 1 1 1 68
13 11 2 1 1 2 31
14 11 2 1 1 2 31
15 11 2 1 1 2 31
16 11 2 1 1 2 31
17 11 2 1 1 2 31
12 11 2 1 1 2 31
11 11 2 1 1 2 31
10 11 2 1 1 2 31
9 11 2 1 1 2 31
8 11 2 1 1 2 31
7 11 2 1 1 2 31
6 11 2 1 1 2 31
5 11 2 1 1 2 31
4 11 2 1 1 2 31
3 11 2 1 1 2 31
2 11 2 1 1 2 31
1 11 2 1 1 2 31
0 11 2 1 1 2 31
0 12 2 1 1 2 34
1 12 2 1 1 2 34
2 12 2 1 1 2 34
3 12 2 1 1 2 34
4 12 2 1 1 2 34
5 12 2 1 1 2 34
6 12 2 1 1 2 34
7 12 2 1 1 2 34
8 12 2 1 1 2 34
9 12 2 1 1 2 34
10 12 2 1 1 2 34
11 12 2 1 1 2 34
12 12 2 1 1 2 34
13 12 2 1 1 2 34
14 12 2 1 1 2 34
15 12 2 1 1 2 34
16 12 2 1 1 2 34
18 12 2 1 1 2 34
17 12 2 1 1 2 34
11 9 2 1 1 1 68
11 8 2 1 1 1 68
10 8 2 1 1 1 68
10 9 2 1 1 1 68
10 10 2 1 1 1 68
11 10 2 1 1 1 68
12 10 2 1 1 1 60
9 10 2 1 1 1 60
17 10 2 1 1 1 69
4 8 2 1 1 1 64
6 8 2 1 1 1 68
5 8 2 1 1 1 68
6 7 2 1 1 1 68
7 6 2 1 1 1 68
6 6 2 1 1 1 68
4 6 2 1 1 1 68
4 5 2 1 1 1 68
4 4 2 1 1 1 68
3 4 2 1 1 1 68
2 4 2 1 1 1 68
2 5 2 1 1 1 68
2 6 2 1 1 1 68
3 6 2 1 1 1 68
3 7 2 1 1 1 68
4 7 2 1 1 1 68
5 7 2 1 1 1 68
3 5 2 1 1 1 69
5 9 2 1 1 1 69
10 3 2 1 1 1 60
4 0 2 1 1 1 64
3 0 2 1 1 1 64
2 0 2 1 1 1 64
1 0 2 1 1 1 64
1 1 2 1 1 1 64
5 1 2 1 1 1 64
2 2 2 1 1 1 61
3 2 2 0 0 1 61
2 3 2 0 1 1 65
3 3 2 0 1 1 61
0 2 2 0 1 1 67
0 3 2 0 1 1 68
0 4 2 0 1 1 68
0 6 2 0 1 1 68
0 7 2 0 1 1 68
0 9 2 0 1 1 68
0 10 2 0 1 1 68
1 10 2 0 1 1 68
0 1 2 0 1 1 65
0 0 2 0 1 1 65
18 8 2 0 1 1 64
18 9 2 0 1 1 68
18 10 2 0 1 1 68
18 11 2 0 1 1 68
18 6 2 0 1 1 68
11 2 2 0 1 1 65
8 1 2 0 1 1 65
11 3 2 0 1 1 68
12 3 2 0 1 1 68
12 2 2 0 1 1 68
13 2 2 0 1 1 68
11 1 2 0 1 1 68
10 2 2 0 1 1 68
9 2 2 0 1 1 68
7 2 2 0 1 1 68
7 3 2 0 1 1 68
6 2 2 0 1 1 68
18 1 2 0 1 1 68
18 0 2 0 1 1 68
16 0 2 0 1 1 68
15 0 2 0 1 1 68
14 0 2 0 1 1 68
14 1 2 0 1 1 68
13 1 2 0 1 1 68
18 2 2 0 1 1 68
12 0 2 0 1 1 68
11 0 2 0 1 1 68
10 0 2 0 1 1 68
9 0 2 0 1 1 68
8 0 2 0 1 1 68
7 0 2 0 1 1 68
6 0 2 0 1 1 68
8 3 2 0 1 1 69
9 3 2 0 1 1 69
9 1 2 0 1 1 69
10 1 2 0 1 1 69
7 1 2 0 1 1 69
6 1 2 0 1 1 69
13 0 2 0 1 1 69
14 2 2 0 1 1 69
7 7 2 0 1 1 69
9 9 2 0 1 1 69
2 10 2 0 1 1 69
12 8 2 0 1 1 61
12 9 2 0 1 1 66
6 9 2 0 1 1 66
2 7 2 0 1 1 66
17 9 0 0 0 1 62
18 5 0 0 0 1 62
12 1 0 0 0 1 62
8 2 0 0 0 1 62
3 8 0 0 0 1 62
5 6 0 0 0 1 62
0 5 0 0 0 1 62
0 8 0 0 0 1 62
17 0 0 0 0 1 62
5 0 0 0 0 1 62
13 3 2 0 0 1 62
